Date,Day,Check-In,Check-Out,Total,Task,Task Extra 1,Task Extra 2,Task Extra 3,Task Extra 4,Client,Work unit notes
16.05.2024,Thu,00:00,00:24,00:24,게임 리그 오브 레전드 플레이,여가,게임,,,,
16.05.2024,Thu,00:24,01:02,00:38,유튜브 랄로 시청 등,,,,,,
16.05.2024,Thu,01:02,01:20,00:18,유튜브 랄로 시청 등,,,,,,
16.05.2024,Thu,01:20,10:18,08:58,잠,잠,잠,,,,
16.05.2024,Thu,10:18,10:22,00:04,도서 책 정보 수집 및 구입 대출 등,정보,"책 정보 수집, 구입, 대출 등",,,,
16.05.2024,Thu,10:22,10:25,00:03,인터넷 커뮤니티 디시인사이드 실시간 베스트 갤러리 서핑,,,,,,
16.05.2024,Thu,10:25,10:28,00:03,도서 책 정보 수집 및 구입 대출 등,정보,"책 정보 수집, 구입, 대출 등",,,,
16.05.2024,Thu,10:28,10:37,00:09,인터넷 커뮤니티 디시인사이드 실시간 베스트 갤러리 서핑,,,,,,
16.05.2024,Thu,10:37,10:40,00:03,화장실,생활,화장실,,,,
16.05.2024,Thu,10:40,10:44,00:04,도서 책 정보 수집 및 구입 대출 등,정보,"책 정보 수집, 구입, 대출 등",,,,
16.05.2024,Thu,10:44,10:45,00:01,"수세미즙 먹기, 준비, 뒤처리 등",,,,,,
16.05.2024,Thu,10:45,10:49,00:04,"요구르트 준비, 먹기, 처리 등",,,,,,
16.05.2024,Thu,10:49,11:05,00:16,"식사 탐색, 준비, 식사, 뒤처리",생활,식사,,,,
16.05.2024,Thu,11:05,11:06,00:01,"물품 배송 확인, 교환 반품 처리",,,,,,
16.05.2024,Thu,11:06,11:07,00:01,기타 TV 시청,,,,,,
16.05.2024,Thu,11:07,12:00,00:53,만화 명탐정 코난 시청 등,,,,,문기옥,
16.05.2024,Thu,12:00,12:33,00:33,화장실,생활,화장실,,,,
16.05.2024,Thu,12:33,13:02,00:29,"샤워 준비, 실행, 뒤처리 등",생활,씻기,,,,
16.05.2024,Thu,13:02,13:16,00:14,만화 명탐정 코난 시청 등,,,,,문기옥,
16.05.2024,Thu,13:16,13:24,00:08,"손톱, 발톱, 굳은살 깎기",생활,"손톱, 발톱 깎기",,,,
16.05.2024,Thu,13:24,14:45,01:21,만화 명탐정 코난 시청 등,,,,,문기옥,
16.05.2024,Thu,14:45,14:55,00:10,간식,식사,간식,,,,
16.05.2024,Thu,14:55,14:58,00:03,만화 명탐정 코난 시청 등,,,,,문기옥,
16.05.2024,Thu,14:58,15:49,00:51,게임 리그 오브 레전드 플레이,여가,게임,,,,
16.05.2024,Thu,15:49,15:51,00:02,화장실,생활,화장실,,,,
16.05.2024,Thu,15:51,17:40,01:49,게임 리그 오브 레전드 플레이,여가,게임,,,,
16.05.2024,Thu,17:40,22:25,04:45,Msi 시청 등,,,,,,
16.05.2024,Thu,22:25,22:28,00:03,화장실,생활,화장실,,,,
16.05.2024,Thu,22:28,23:39,01:11,인터넷 커뮤니티 리그 오브 레전드 갤러리 서핑,,,,,,
16.05.2024,Thu,23:39,23:41,00:02,Duolingo 네덜란드어 (<-영어),공부,네덜란드어,,,,
16.05.2024,Thu,23:41,00:00,00:19,인터넷 커뮤니티 리그 오브 레전드 갤러리 서핑,,,,,,
17.05.2024,Fri,00:00,00:13,00:13,인터넷 커뮤니티 리그 오브 레전드 갤러리 서핑,,,,,,
17.05.2024,Fri,00:13,01:41,01:28,유튜브 클라우드 템플러 시청 등,,,,,,
17.05.2024,Fri,01:41,01:52,00:11,인터넷 커뮤니티 리그 오브 레전드 갤러리 서핑,,,,,,
17.05.2024,Fri,01:52,02:04,00:12,유튜브 랄로 시청 등,,,,,,
17.05.2024,Fri,02:04,07:41,05:37,잠,잠,잠,,,,
17.05.2024,Fri,07:41,08:10,00:29,유튜브 랄로 시청 등,,,,,,
17.05.2024,Fri,08:10,11:28,03:18,잠,잠,잠,,,,
17.05.2024,Fri,11:28,11:30,00:02,화장실,생활,화장실,,,,
17.05.2024,Fri,11:30,11:31,00:01,"수세미즙 먹기, 준비, 뒤처리 등",,,,,,
17.05.2024,Fri,11:31,11:33,00:02,"요구르트 준비, 먹기, 처리 등",,,,,,
17.05.2024,Fri,11:33,11:46,00:13,"식사 탐색, 준비, 식사, 뒤처리",생활,식사,,,,
17.05.2024,Fri,11:46,11:57,00:11,간식,식사,간식,,,,
17.05.2024,Fri,11:57,11:58,00:01,기타 TV 시청,,,,,,
17.05.2024,Fri,11:58,12:15,00:17,만화 둘리 시청 등,,,,,,
17.05.2024,Fri,12:15,12:16,00:01,스타리그 시청,여가,스타크래프트,,,,
Total,2,,,36:16,,,,,,,