Date,Day,Check-In,Check-Out,Total,Task,Task Extra 1,Task Extra 2,Task Extra 3,Task Extra 4,Client,Work unit notes
19.04.2024,금,00:00,04:52,04:52,잠,잠,잠,,,,
19.04.2024,금,04:52,04:55,00:03,화장실,생활,화장실,,,,
19.04.2024,금,04:55,04:59,00:04,"요구르트 준비, 먹기, 처리 등",,,,,,
19.04.2024,금,04:59,05:17,00:18,"식사 탐색, 준비, 식사, 뒤처리",생활,식사,,,,
19.04.2024,금,05:17,05:19,00:02,"과일 준비, 먹기, 뒤처리",식사,과일,,,,
19.04.2024,금,05:19,05:40,00:21,"샤워 준비, 실행, 뒤처리 등",생활,씻기,,,,
19.04.2024,금,05:40,05:44,00:04,"이동 준비, 이동 등",생활,이동,,,,
19.04.2024,금,05:44,05:55,00:11,"이동 준비, 이동 등",생활,이동,,,,
19.04.2024,금,05:55,06:09,00:14,책 박시백 조선왕조실록,,,,,,
19.04.2024,금,06:09,06:11,00:02,"이동 준비, 이동 등",생활,이동,,,,
19.04.2024,금,06:11,06:38,00:27,책 박시백 조선왕조실록,,,,,,
19.04.2024,금,06:38,06:41,00:03,"이동 준비, 이동 등",생활,이동,,,,
19.04.2024,금,06:41,06:49,00:08,책 박시백 조선왕조실록,,,,,,
19.04.2024,금,06:49,06:52,00:03,"이동 준비, 이동 등",생활,이동,,,,
19.04.2024,금,06:52,07:01,00:09,책 박시백 조선왕조실록,,,,,,
19.04.2024,금,07:01,07:02,00:01,"이동 준비, 이동 등",생활,이동,,,,
19.04.2024,금,07:02,07:03,00:01,Duolingo 힌디어 (<-영어),,,,,,
19.04.2024,금,07:03,07:10,00:07,Duolingo 히브리어 (<-영어),공부,히브리어,,,,
19.04.2024,금,07:10,07:11,00:01,"일상품 구매, 탐색, 행정 처리",,,,,문기옥,
19.04.2024,금,07:11,07:13,00:02,"이동 준비, 이동 등",생활,이동,,,,
19.04.2024,금,07:13,07:14,00:01,도서 책 정보 수집 및 구입 대출 등,정보,"책 정보 수집, 구입, 대출 등",,,,
19.04.2024,금,07:14,07:16,00:02,"차 마시기, 준비",,,,,,
19.04.2024,금,07:16,07:17,00:01,"사물함 관련 행정, 정리 등",,,,,,
19.04.2024,금,07:17,07:19,00:02,"이동 준비, 이동 등",생활,이동,,,,
19.04.2024,금,07:19,07:23,00:04,"공부 자리 준비, 정리, 사용 앱 등 환경 설정, 다음 공부 강의 재생 등 준비",행정,자리 정리,,,,
19.04.2024,금,07:23,09:34,02:11,유튜브 랄로 시청 등,,,,,,
19.04.2024,금,09:34,10:03,00:29,잠,잠,잠,,,,
19.04.2024,금,10:03,10:07,00:04,화장실,생활,화장실,,,,
19.04.2024,금,10:07,11:15,01:08,"전력전자공학 (영강) (이기복 교수님) 예습, 복습, 과제, 시험 공부 등",,,,,,
19.04.2024,금,11:15,11:17,00:02,화장실,생활,화장실,,,,
19.04.2024,금,11:17,12:50,01:33,"전력전자공학 (영강) (이기복 교수님) 예습, 복습, 과제, 시험 공부 등",,,,,,
19.04.2024,금,12:50,12:53,00:03,화장실,생활,화장실,,,,
19.04.2024,금,12:53,12:55,00:02,"이동 준비, 이동 등",생활,이동,,,,
19.04.2024,금,12:55,13:15,00:20,"식사 탐색, 준비, 식사, 뒤처리",생활,식사,,,,
19.04.2024,금,13:15,13:18,00:03,"이동 준비, 이동 등",생활,이동,,,,
19.04.2024,금,13:18,13:26,00:08,양치질,생활,양치질,,,,
19.04.2024,금,13:26,13:27,00:01,"이동 준비, 이동 등",생활,이동,,,,
19.04.2024,금,13:27,13:28,00:01,가글 등,,,,,,
19.04.2024,금,13:28,13:36,00:08,"이동 준비, 이동 등",생활,이동,,,,
19.04.2024,금,13:36,14:34,00:58,"전력전자공학 (영강) (이기복 교수님) 예습, 복습, 과제, 시험 공부 등",,,,,,
19.04.2024,금,14:34,14:37,00:03,"이동 준비, 이동 등",생활,이동,,,,
19.04.2024,금,14:37,14:39,00:02,"비일상품 구매, 탐색, 행정 처리",,,,,,
19.04.2024,금,14:39,14:52,00:13,간식,식사,간식,,,,
19.04.2024,금,14:52,14:53,00:01,"비일상품 구매, 탐색, 행정 처리",,,,,,
19.04.2024,금,14:53,15:02,00:09,간식,식사,간식,,,,
19.04.2024,금,15:02,15:08,00:06,"이동 준비, 이동 등",생활,이동,,,,
19.04.2024,금,15:08,16:14,01:06,"전력전자공학 (영강) (이기복 교수님) 예습, 복습, 과제, 시험 공부 등",,,,,,
19.04.2024,금,16:14,16:16,00:02,화장실,생활,화장실,,,,
19.04.2024,금,16:16,17:33,01:17,"전력전자공학 (영강) (이기복 교수님) 예습, 복습, 과제, 시험 공부 등",,,,,,
19.04.2024,금,17:33,17:36,00:03,화장실,생활,화장실,,,,
19.04.2024,금,17:36,18:29,00:53,"전력전자공학 (영강) (이기복 교수님) 예습, 복습, 과제, 시험 공부 등",,,,,,
19.04.2024,금,18:29,18:34,00:05,"공부 자리 준비, 정리, 사용 앱 등 환경 설정, 다음 공부 강의 재생 등 준비",행정,자리 정리,,,,
19.04.2024,금,18:34,18:36,00:02,"이동 준비, 이동 등",생활,이동,,,,
19.04.2024,금,18:36,18:38,00:02,"사물함 관련 행정, 정리 등",,,,,,
19.04.2024,금,18:38,18:46,00:08,"이동 준비, 이동 등",생활,이동,,,,
19.04.2024,금,18:46,18:55,00:09,책 박시백 조선왕조실록,,,,,,
19.04.2024,금,18:55,18:59,00:04,"이동 준비, 이동 등",생활,이동,,,,
19.04.2024,금,18:59,19:08,00:09,책 박시백 조선왕조실록,,,,,,
19.04.2024,금,19:08,19:11,00:03,"이동 준비, 이동 등",생활,이동,,,,
19.04.2024,금,19:11,19:31,00:20,책 박시백 조선왕조실록,,,,,,
19.04.2024,금,19:31,19:33,00:02,"이동 준비, 이동 등",생활,이동,,,,
19.04.2024,금,19:33,19:52,00:19,책 박시백 조선왕조실록,,,,,,
19.04.2024,금,19:52,20:02,00:10,책 죽은 경제학자의 살아있는 아이디어 (토드 부크홀츠; 류현),,,,,,
19.04.2024,금,20:02,20:22,00:20,"이동 준비, 이동 등",생활,이동,,,,
19.04.2024,금,20:22,20:23,00:01,도서 책 정보 수집 및 구입 대출 등,정보,"책 정보 수집, 구입, 대출 등",,,,
19.04.2024,금,20:23,20:27,00:04,"이동 준비, 이동 등",생활,이동,,,,
19.04.2024,금,20:27,20:30,00:03,물건 씻기 닦기,생활,"물품 씻기, 닦기",,,,
19.04.2024,금,20:30,20:32,00:02,"샤워 준비, 실행, 뒤처리 등",생활,씻기,,,,
19.04.2024,금,20:32,20:53,00:21,화장실,생활,화장실,,,,
19.04.2024,금,20:53,21:08,00:15,"샤워 준비, 실행, 뒤처리 등",생활,씻기,,,,
19.04.2024,금,21:08,21:12,00:04,"이불 깔기, 이불 커버 베갯닛 씌우기, 잘 준비, 알람 설정",수면,수면 준비,,,,
19.04.2024,금,21:12,21:15,00:03,Duolingo 스페인어 (<-영어),공부,스페인어,,,,
19.04.2024,금,21:15,21:18,00:03,Duolingo 이탈리아어 (<-영어),공부,이탈리아어,,,,
19.04.2024,금,21:18,21:19,00:01,Duolingo 프랑스어 (<-영어),공부,프랑스어,,,,
19.04.2024,금,21:19,21:21,00:02,Duolingo 독일어 (<-영어),공부,독일어,,,,
19.04.2024,금,21:21,21:26,00:05,인터넷 커뮤니티 고파스 서핑,,,,,,
19.04.2024,금,21:26,21:52,00:26,유튜브 랄로 시청 등,,,,,,
19.04.2024,금,21:52,22:02,00:10,유튜브 랄로 시청 등,,,,,,
19.04.2024,금,22:02,00:00,01:58,잠,잠,잠,,,,
20.04.2024,토,00:00,05:09,05:09,잠,잠,잠,,,,
20.04.2024,토,05:09,05:10,00:01,화장실,생활,화장실,,,,
20.04.2024,토,05:10,05:12,00:02,귀지 제거,,,,,,
20.04.2024,토,05:12,05:13,00:01,"식사 탐색, 준비, 식사, 뒤처리",생활,식사,,,,
20.04.2024,토,05:13,05:17,00:04,"요구르트 준비, 먹기, 처리 등",,,,,,
20.04.2024,토,05:17,05:30,00:13,"식사 탐색, 준비, 식사, 뒤처리",생활,식사,,,,
20.04.2024,토,05:30,05:32,00:02,"과일 준비, 먹기, 뒤처리",식사,과일,,,,
20.04.2024,토,05:32,05:52,00:20,"샤워 준비, 실행, 뒤처리 등",생활,씻기,,,,
20.04.2024,토,05:52,05:55,00:03,"이동 준비, 이동 등",생활,이동,,,,
20.04.2024,토,05:55,06:07,00:12,"이동 준비, 이동 등",생활,이동,,,,
20.04.2024,토,06:07,06:20,00:13,책 죽은 경제학자의 살아있는 아이디어 (토드 부크홀츠; 류현),,,,,,
20.04.2024,토,06:20,06:22,00:02,"이동 준비, 이동 등",생활,이동,,,,
20.04.2024,토,06:22,06:48,00:26,책 죽은 경제학자의 살아있는 아이디어 (토드 부크홀츠; 류현),,,,,,
20.04.2024,토,06:48,06:52,00:04,"이동 준비, 이동 등",생활,이동,,,,
20.04.2024,토,06:52,07:02,00:10,책 죽은 경제학자의 살아있는 아이디어 (토드 부크홀츠; 류현),,,,,,
20.04.2024,토,07:02,07:06,00:04,"이동 준비, 이동 등",생활,이동,,,,
20.04.2024,토,07:06,07:16,00:10,책 죽은 경제학자의 살아있는 아이디어 (토드 부크홀츠; 류현),,,,,,
20.04.2024,토,07:16,07:17,00:01,"이동 준비, 이동 등",생활,이동,,,,
20.04.2024,토,07:17,07:18,00:01,Duolingo 힌디어 (<-영어),,,,,,
20.04.2024,토,07:18,07:21,00:03,Duolingo 히브리어 (<-영어),공부,히브리어,,,,
20.04.2024,토,07:21,07:25,00:04,"이동 준비, 이동 등",생활,이동,,,,
20.04.2024,토,07:25,07:27,00:02,"일상품 구매, 탐색, 행정 처리",,,,,문기옥,
20.04.2024,토,07:27,07:28,00:01,도서 책 정보 수집 및 구입 대출 등,정보,"책 정보 수집, 구입, 대출 등",,,,
20.04.2024,토,07:28,07:30,00:02,"차 마시기, 준비",,,,,,
20.04.2024,토,07:30,07:31,00:01,"사물함 관련 행정, 정리 등",,,,,,
20.04.2024,토,07:31,07:33,00:02,"이동 준비, 이동 등",생활,이동,,,,
20.04.2024,토,07:33,07:40,00:07,"공부 자리 준비, 정리, 사용 앱 등 환경 설정, 다음 공부 강의 재생 등 준비",행정,자리 정리,,,,
20.04.2024,토,07:40,08:43,01:03,인터넷 커뮤니티 디시인사이드 실시간 베스트 갤러리 서핑,,,,,,
20.04.2024,토,08:43,08:50,00:07,한석원 갤러리 서핑,,,,,,
20.04.2024,토,08:50,09:16,00:26,유튜브 랄로 시청 등,,,,,,
20.04.2024,토,09:16,09:33,00:17,화장실,생활,화장실,,,,
20.04.2024,토,09:33,09:35,00:02,"이동 준비, 이동 등",생활,이동,,,,
20.04.2024,토,09:35,10:16,00:41,"전기전자재료공학 (주병권 교수님) 예습, 복습, 과제, 시험 공부 등",,,,,,
20.04.2024,토,10:16,10:19,00:03,화장실,생활,화장실,,,,
20.04.2024,토,10:19,10:36,00:17,"전기전자재료공학 (주병권 교수님) 예습, 복습, 과제, 시험 공부 등",,,,,,
20.04.2024,토,10:36,10:45,00:09,"전기전자재료공학 (주병권 교수님) 예습, 복습, 과제, 시험 공부 등",,,,,,
20.04.2024,토,10:45,10:49,00:04,화장실,생활,화장실,,,,
20.04.2024,토,10:49,10:58,00:09,"이동 준비, 이동 등",생활,이동,,,,
20.04.2024,토,10:58,11:19,00:21,"식사 탐색, 준비, 식사, 뒤처리",생활,식사,,,,
20.04.2024,토,11:19,11:28,00:09,"이동 준비, 이동 등",생활,이동,,,,
20.04.2024,토,11:28,11:30,00:02,"이동 준비, 이동 등",생활,이동,,,,
20.04.2024,토,11:30,11:33,00:03,"비일상품 구매, 탐색, 행정 처리",,,,,,
20.04.2024,토,11:33,11:57,00:24,간식,식사,간식,,,,
20.04.2024,토,11:57,12:03,00:06,"이동 준비, 이동 등",생활,이동,,,,
20.04.2024,토,12:03,12:31,00:28,"전기전자재료공학 (주병권 교수님) 예습, 복습, 과제, 시험 공부 등",,,,,,
20.04.2024,토,12:31,12:34,00:03,화장실,생활,화장실,,,,
20.04.2024,토,12:34,12:52,00:18,인터넷 커뮤니티 고파스 서핑,,,,,,
20.04.2024,토,12:52,14:18,01:26,"전기전자재료공학 (주병권 교수님) 예습, 복습, 과제, 시험 공부 등",,,,,,
20.04.2024,토,14:18,14:19,00:01,"이동 준비, 이동 등",생활,이동,,,,
20.04.2024,토,14:19,14:21,00:02,간식,식사,간식,,,,
20.04.2024,토,14:21,14:23,00:02,화장실,생활,화장실,,,,
20.04.2024,토,14:23,14:25,00:02,인터넷 커뮤니티 고파스 서핑,,,,,,
20.04.2024,토,14:25,14:38,00:13,"전기전자재료공학 (주병권 교수님) 예습, 복습, 과제, 시험 공부 등",,,,,,
20.04.2024,토,14:38,15:21,00:43,잠,잠,잠,,,,
20.04.2024,토,15:21,15:38,00:17,"전기전자재료공학 (주병권 교수님) 예습, 복습, 과제, 시험 공부 등",,,,,,
20.04.2024,토,15:38,16:10,00:32,"반도체공학I (김규태 교수님) 예습, 복습, 과제, 시험 공부 등",,,,,,
20.04.2024,토,16:10,16:12,00:02,화장실,생활,화장실,,,,
20.04.2024,토,16:12,16:15,00:03,"반도체공학I (김규태 교수님) 예습, 복습, 과제, 시험 공부 등",,,,,,
20.04.2024,토,16:15,16:29,00:14,Chegg 관련 행정 등,,,,,,
20.04.2024,토,16:29,16:32,00:03,"반도체공학I (김규태 교수님) 예습, 복습, 과제, 시험 공부 등",,,,,,
20.04.2024,토,16:32,16:36,00:04,Chegg 관련 행정 등,,,,,,
20.04.2024,토,16:36,17:19,00:43,"반도체공학I (김규태 교수님) 예습, 복습, 과제, 시험 공부 등",,,,,,
20.04.2024,토,17:19,17:22,00:03,화장실,생활,화장실,,,,
20.04.2024,토,17:22,18:18,00:56,"반도체공학I (김규태 교수님) 예습, 복습, 과제, 시험 공부 등",,,,,,
20.04.2024,토,18:18,18:21,00:03,화장실,생활,화장실,,,,
20.04.2024,토,18:21,18:25,00:04,"공부 자리 준비, 정리, 사용 앱 등 환경 설정, 다음 공부 강의 재생 등 준비",행정,자리 정리,,,,
20.04.2024,토,18:25,18:27,00:02,"이동 준비, 이동 등",생활,이동,,,,
20.04.2024,토,18:27,18:29,00:02,"사물함 관련 행정, 정리 등",,,,,,
20.04.2024,토,18:29,18:38,00:09,"이동 준비, 이동 등",생활,이동,,,,
20.04.2024,토,18:38,18:48,00:10,게임 리그 오브 레전드 lpl 시청,,,,,,
20.04.2024,토,18:48,18:52,00:04,"이동 준비, 이동 등",생활,이동,,,,
20.04.2024,토,18:52,19:02,00:10,게임 리그 오브 레전드 lpl 시청,,,,,,
20.04.2024,토,19:02,19:04,00:02,"이동 준비, 이동 등",생활,이동,,,,
20.04.2024,토,19:04,19:28,00:24,게임 리그 오브 레전드 lpl 시청,,,,,,
20.04.2024,토,19:28,19:30,00:02,"이동 준비, 이동 등",생활,이동,,,,
20.04.2024,토,19:30,19:51,00:21,게임 리그 오브 레전드 lpl 시청,,,,,,
Total,2,,,43:51,,,,,,,