Date,Day,Check-In,Check-Out,Total,Task,Task Extra 1,Task Extra 2,Task Extra 3,Task Extra 4,Client,Work unit notes
19.06.2024,Wed,00:00,01:39,01:39,드라마 The Practice 학습,,,,,문기옥,
19.06.2024,Wed,01:39,01:43,00:04,화장실,생활,화장실,,,,
19.06.2024,Wed,01:43,03:23,01:40,게임 리그 오브 레전드 플레이,여가,게임,,,,
19.06.2024,Wed,03:23,06:02,02:39,드라마 The Practice 학습,,,,,문기옥,
19.06.2024,Wed,06:02,07:16,01:14,잠,잠,잠,,,,
19.06.2024,Wed,07:16,07:30,00:14,"반도체공학I (김규태 교수님) 예습, 복습, 과제, 시험 공부 등",,,,,,
19.06.2024,Wed,07:30,07:32,00:02,화장실,생활,화장실,,,,
19.06.2024,Wed,07:32,07:35,00:03,"공부 자리 준비, 정리, 사용 앱 등 환경 설정, 다음 공부 강의 재생 등 준비",행정,자리 정리,,,,
19.06.2024,Wed,07:35,07:37,00:02,"이동 준비, 이동 등",생활,이동,,,,
19.06.2024,Wed,07:37,07:38,00:01,도서 책 정보 수집 및 구입 대출 등,정보,"책 정보 수집, 구입, 대출 등",,,,
19.06.2024,Wed,07:38,08:01,00:23,"이동 준비, 이동 등",생활,이동,,,,
19.06.2024,Wed,08:01,08:19,00:18,"반도체공학I (김규태 교수님) 예습, 복습, 과제, 시험 공부 등",,,,,,
19.06.2024,Wed,08:19,08:22,00:03,화장실,생활,화장실,,,,
19.06.2024,Wed,08:22,08:37,00:15,"반도체공학I (김규태 교수님) 예습, 복습, 과제, 시험 공부 등",,,,,,
19.06.2024,Wed,08:37,08:50,00:13,"반도체공학I (김규태 교수님) 수강, 수험, 대기 등",,,,,,
19.06.2024,Wed,08:50,09:57,01:07,"반도체공학I (김규태 교수님) 수강, 수험, 대기 등",,,,,,
19.06.2024,Wed,09:57,10:02,00:05,"이동 준비, 이동 등",생활,이동,,,,
19.06.2024,Wed,10:02,10:03,00:01,"사물함 관련 행정, 정리 등",,,,,,
19.06.2024,Wed,10:03,10:27,00:24,"이동 준비, 이동 등",생활,이동,,,,
19.06.2024,Wed,10:27,10:37,00:10,책 부르디외&기든스 세계화의 두 얼굴 (하상복),,,,,,
19.06.2024,Wed,10:37,10:39,00:02,"이동 준비, 이동 등",생활,이동,,,,
19.06.2024,Wed,10:39,11:04,00:25,책 부르디외&기든스 세계화의 두 얼굴 (하상복),,,,,,
19.06.2024,Wed,11:04,11:06,00:02,"이동 준비, 이동 등",생활,이동,,,,
19.06.2024,Wed,11:06,11:28,00:22,책 부르디외&기든스 세계화의 두 얼굴 (하상복),,,,,,
19.06.2024,Wed,11:28,11:49,00:21,"이동 준비, 이동 등",생활,이동,,,,
19.06.2024,Wed,11:49,11:53,00:04,물건 씻기 닦기,생활,"물품 씻기, 닦기",,,,
19.06.2024,Wed,11:53,11:54,00:01,"수세미즙 먹기, 준비, 뒤처리 등",,,,,,
19.06.2024,Wed,11:54,11:56,00:02,"요구르트 준비, 먹기, 처리 등",,,,,,
19.06.2024,Wed,11:56,11:57,00:01,화장실,생활,화장실,,,,
19.06.2024,Wed,11:57,12:08,00:11,화장실,생활,화장실,,,,
19.06.2024,Wed,12:08,13:05,00:57,유튜브 랄로 시청 등,,,,,,
19.06.2024,Wed,13:05,13:08,00:03,"식사 탐색, 준비, 식사, 뒤처리",생활,식사,,,,
19.06.2024,Wed,13:08,13:12,00:04,"과일 준비, 먹기, 뒤처리",식사,과일,,,,
19.06.2024,Wed,13:12,13:26,00:14,"식사 탐색, 준비, 식사, 뒤처리",생활,식사,,,,
19.06.2024,Wed,13:26,13:33,00:07,간식,식사,간식,,,,
19.06.2024,Wed,13:33,13:43,00:10,"과일 준비, 먹기, 뒤처리",식사,과일,,,,
19.06.2024,Wed,13:43,13:50,00:07,"손톱, 발톱, 굳은살 깎기",생활,"손톱, 발톱 깎기",,,,
19.06.2024,Wed,13:50,14:25,00:35,만화 명탐정 코난 시청 등,,,,,문기옥,
19.06.2024,Wed,14:25,16:30,02:05,잠,잠,잠,,,,
19.06.2024,Wed,16:30,17:04,00:34,"샤워 준비, 실행, 뒤처리 등",생활,씻기,,,,
19.06.2024,Wed,17:04,17:07,00:03,게임 리그 오브 레전드 플레이,여가,게임,,,,
19.06.2024,Wed,17:07,17:47,00:40,게임 리그 오브 레전드 LCK 시청,,,,,,
19.06.2024,Wed,17:47,18:10,00:23,게임 리그 오브 레전드 플레이,여가,게임,,,,
19.06.2024,Wed,18:10,18:32,00:22,게임 리그 오브 레전드 LCK 시청,,,,,,
19.06.2024,Wed,18:32,18:43,00:11,게임 리그 오브 레전드 LCK 시청,,,,,,
19.06.2024,Wed,18:43,19:38,00:55,게임 리그 오브 레전드 플레이,여가,게임,,,,
19.06.2024,Wed,19:38,20:49,01:11,게임 리그 오브 레전드 LCK 시청,,,,,,
19.06.2024,Wed,20:49,20:52,00:03,화장실,생활,화장실,,,,
19.06.2024,Wed,20:52,21:20,00:28,"식사 탐색, 준비, 식사, 뒤처리",생활,식사,,,,
19.06.2024,Wed,21:20,21:57,00:37,게임 리그 오브 레전드 플레이,여가,게임,,,,
19.06.2024,Wed,21:57,22:00,00:03,Duolingo 프랑스어 (<-영어),공부,프랑스어,,,,
19.06.2024,Wed,22:00,23:42,01:42,게임 리그 오브 레전드 플레이,여가,게임,,,,
19.06.2024,Wed,23:42,23:44,00:02,Duolingo 독일어 (<-영어),공부,독일어,,,,
19.06.2024,Wed,23:44,23:46,00:02,Duolingo 이탈리아어 (<-영어),공부,이탈리아어,,,,
19.06.2024,Wed,23:46,23:48,00:02,Duolingo 네덜란드어 (<-영어),공부,네덜란드어,,,,
19.06.2024,Wed,23:48,23:50,00:02,Duolingo 스웨덴어 (<-영어),,,,,,
19.06.2024,Wed,23:50,23:54,00:04,Duolingo 스페인어 (<-영어),공부,스페인어,,,,
19.06.2024,Wed,23:54,23:56,00:02,Duolingo 아랍어 (<-영어),공부,아랍어,,,,
19.06.2024,Wed,23:56,23:59,00:03,Duolingo 힌디어 (<-영어),,,,,,
19.06.2024,Wed,23:59,00:00,00:01,Duolingo 히브리어 (<-영어),공부,히브리어,,,,
20.06.2024,Thu,00:00,00:02,00:02,Duolingo 히브리어 (<-영어),공부,히브리어,,,,
20.06.2024,Thu,00:02,01:44,01:42,드라마 The Practice 학습,,,,,문기옥,
20.06.2024,Thu,01:44,01:49,00:05,나무 위키 서핑,,,,,,제프리 엡스타인
20.06.2024,Thu,01:49,10:17,08:28,잠,잠,잠,,,,
20.06.2024,Thu,10:17,10:20,00:03,화장실,생활,화장실,,,,
20.06.2024,Thu,10:20,10:21,00:01,"수세미즙 먹기, 준비, 뒤처리 등",,,,,,
20.06.2024,Thu,10:21,10:24,00:03,"요구르트 준비, 먹기, 처리 등",,,,,,
20.06.2024,Thu,10:24,10:46,00:22,"식사 탐색, 준비, 식사, 뒤처리",생활,식사,,,,
20.06.2024,Thu,10:46,10:48,00:02,"과일 준비, 먹기, 뒤처리",식사,과일,,,,
20.06.2024,Thu,10:48,10:49,00:01,"과일 준비, 먹기, 뒤처리",식사,과일,,,,
Total,2,,,34:49,,,,,,,