Date,Day,Check-In,Check-Out,Total,Task,Task Extra 1,Task Extra 2,Task Extra 3,Task Extra 4,Client,Work unit notes
17.05.2024,Fri,00:00,00:13,00:13,인터넷 커뮤니티 리그 오브 레전드 갤러리 서핑,,,,,,
17.05.2024,Fri,00:13,01:41,01:28,유튜브 클라우드 템플러 시청 등,,,,,,
17.05.2024,Fri,01:41,01:52,00:11,인터넷 커뮤니티 리그 오브 레전드 갤러리 서핑,,,,,,
17.05.2024,Fri,01:52,02:04,00:12,유튜브 랄로 시청 등,,,,,,
17.05.2024,Fri,02:04,07:41,05:37,잠,잠,잠,,,,
17.05.2024,Fri,07:41,08:10,00:29,유튜브 랄로 시청 등,,,,,,
17.05.2024,Fri,08:10,11:28,03:18,잠,잠,잠,,,,
17.05.2024,Fri,11:28,11:30,00:02,화장실,생활,화장실,,,,
17.05.2024,Fri,11:30,11:31,00:01,"수세미즙 먹기, 준비, 뒤처리 등",,,,,,
17.05.2024,Fri,11:31,11:33,00:02,"요구르트 준비, 먹기, 처리 등",,,,,,
17.05.2024,Fri,11:33,11:46,00:13,"식사 탐색, 준비, 식사, 뒤처리",생활,식사,,,,
17.05.2024,Fri,11:46,11:57,00:11,간식,식사,간식,,,,
17.05.2024,Fri,11:57,11:58,00:01,기타 TV 시청,,,,,,
17.05.2024,Fri,11:58,12:15,00:17,만화 둘리 시청 등,,,,,,
17.05.2024,Fri,12:15,13:06,00:51,스타리그 시청,여가,스타크래프트,,,,
17.05.2024,Fri,13:06,18:13,05:07,게임 리그 오브 레전드 플레이,여가,게임,,,,
17.05.2024,Fri,18:13,20:25,02:12,Msi 시청 등,,,,,,
17.05.2024,Fri,20:25,22:45,02:20,게임 리그 오브 레전드 플레이,여가,게임,,,,
17.05.2024,Fri,22:45,22:49,00:04,"물품 배송 확인, 교환 반품 처리",,,,,,
17.05.2024,Fri,22:49,22:50,00:01,화장실,생활,화장실,,,,
17.05.2024,Fri,22:50,22:52,00:02,Duolingo 네덜란드어 (<-영어),공부,네덜란드어,,,,
17.05.2024,Fri,22:52,00:00,01:08,게임 리그 오브 레전드 플레이,여가,게임,,,,
18.05.2024,Sat,00:00,03:24,03:24,게임 리그 오브 레전드 플레이,여가,게임,,,,
18.05.2024,Sat,03:24,03:50,00:26,유튜브 랄로 시청 등,,,,,,
18.05.2024,Sat,03:50,04:15,00:25,유튜브 랄로 시청 등,,,,,,
18.05.2024,Sat,04:15,10:15,06:00,잠,잠,잠,,,,
18.05.2024,Sat,10:15,10:18,00:03,대화,,,,,,
18.05.2024,Sat,10:18,10:20,00:02,화장실,생활,화장실,,,,
18.05.2024,Sat,10:20,10:21,00:01,"수세미즙 먹기, 준비, 뒤처리 등",,,,,,
18.05.2024,Sat,10:21,10:24,00:03,"요구르트 준비, 먹기, 처리 등",,,,,,
18.05.2024,Sat,10:24,10:41,00:17,"식사 탐색, 준비, 식사, 뒤처리",생활,식사,,,,
18.05.2024,Sat,10:41,10:41,00:00,"과일 준비, 먹기, 뒤처리",식사,과일,,,,
Total,2,,,34:41,,,,,,,