Date,Day,Check-In,Check-Out,Total,Task,Task Extra 1,Task Extra 2,Task Extra 3,Task Extra 4,Client,Work unit notes
12.04.2024,금,00:00,05:28,05:28,잠,잠,잠,,,,
12.04.2024,금,05:28,05:31,00:03,"식사 탐색, 준비, 식사, 뒤처리",생활,식사,,,,
12.04.2024,금,05:31,05:33,00:02,"요구르트 준비, 먹기, 처리 등",,,,,,
12.04.2024,금,05:33,05:47,00:14,"식사 탐색, 준비, 식사, 뒤처리",생활,식사,,,,
12.04.2024,금,05:47,05:51,00:04,"과일 준비, 먹기, 뒤처리",식사,과일,,,,
12.04.2024,금,05:51,05:53,00:02,바람의나라 클래식 갤러리 서핑,,,,,,
12.04.2024,금,05:53,06:11,00:18,"샤워 준비, 실행, 뒤처리 등",생활,씻기,,,,
12.04.2024,금,06:11,06:14,00:03,"이동 준비, 이동 등",생활,이동,,,,
12.04.2024,금,06:14,06:25,00:11,"이동 준비, 이동 등",생활,이동,,,,
12.04.2024,금,06:25,06:38,00:13,책 박시백 조선왕조실록,,,,,,
12.04.2024,금,06:38,06:39,00:01,"이동 준비, 이동 등",생활,이동,,,,
12.04.2024,금,06:39,07:01,00:22,책 박시백 조선왕조실록,,,,,,
12.04.2024,금,07:01,07:05,00:04,"이동 준비, 이동 등",생활,이동,,,,
12.04.2024,금,07:05,07:13,00:08,책 박시백 조선왕조실록,,,,,,
12.04.2024,금,07:13,07:17,00:04,"이동 준비, 이동 등",생활,이동,,,,
12.04.2024,금,07:17,07:27,00:10,책 박시백 조선왕조실록,,,,,,
12.04.2024,금,07:27,07:30,00:03,잠,잠,잠,,,,
12.04.2024,금,07:30,07:33,00:03,"이동 준비, 이동 등",생활,이동,,,,
12.04.2024,금,07:33,07:38,00:05,Duolingo 히브리어 (<-영어),공부,히브리어,,,,
12.04.2024,금,07:38,07:39,00:01,"일상품 구매, 탐색, 행정 처리",,,,,문기옥,
12.04.2024,금,07:39,07:40,00:01,"이동 준비, 이동 등",생활,이동,,,,
12.04.2024,금,07:40,07:42,00:02,"차 마시기, 준비",,,,,,
12.04.2024,금,07:42,07:45,00:03,"사물함 관련 행정, 정리 등",,,,,,
12.04.2024,금,07:45,07:47,00:02,"이동 준비, 이동 등",생활,이동,,,,
12.04.2024,금,07:47,07:51,00:04,"공부 자리 준비, 정리, 사용 앱 등 환경 설정, 다음 공부 강의 재생 등 준비",행정,자리 정리,,,,
12.04.2024,금,07:51,07:52,00:01,"일상 계획, 일정 조정, 기록, 수정, 조회, 일일 예결산 등",행정,"일상 계획, 조정, 결산",,,,
12.04.2024,금,07:52,07:55,00:03,도서 책 정보 수집 및 구입 대출 등,정보,"책 정보 수집, 구입, 대출 등",,,,
12.04.2024,금,07:55,07:57,00:02,"공부 자리 준비, 정리, 사용 앱 등 환경 설정, 다음 공부 강의 재생 등 준비",행정,자리 정리,,,,
12.04.2024,금,07:57,08:00,00:03,"전력전자공학 (영강) (이기복 교수님) 시뮬레이션 과제, 환경 설정 등",,,,,,
12.04.2024,금,08:00,08:26,00:26,인터넷 커뮤니티 디시인사이드 실시간 베스트 갤러리 서핑,,,,,,
12.04.2024,금,08:26,08:35,00:09,"국내 언론 기사, 지면 인터뷰, 연재물 등 확인",정보,언론,,,,
12.04.2024,금,08:35,08:39,00:04,CBS 한판승부 시청,,,,,,
12.04.2024,금,08:39,08:47,00:08,"국내 언론 기사, 지면 인터뷰, 연재물 등 확인",정보,언론,,,,
12.04.2024,금,08:47,08:48,00:01,"이동 준비, 이동 등",생활,이동,,,,
12.04.2024,금,08:48,08:49,00:01,"이동 준비, 이동 등",생활,이동,,,,
12.04.2024,금,08:49,08:51,00:02,"비일상품 구매, 탐색, 행정 처리",,,,,,
12.04.2024,금,08:51,09:02,00:11,간식,식사,간식,,,,
12.04.2024,금,09:02,09:05,00:03,"이동 준비, 이동 등",생활,이동,,,,
12.04.2024,금,09:05,09:09,00:04,도서 책 정보 수집 및 구입 대출 등,정보,"책 정보 수집, 구입, 대출 등",,,,
12.04.2024,금,09:09,09:25,00:16,톰과 제리 시청 등,,,,,,
12.04.2024,금,09:25,09:30,00:05,도서 책 정보 수집 및 구입 대출 등,정보,"책 정보 수집, 구입, 대출 등",,,,
12.04.2024,금,09:30,10:43,01:13,"전력전자공학 (영강) (이기복 교수님) 시뮬레이션 과제, 환경 설정 등",,,,,,
12.04.2024,금,10:43,10:45,00:02,화장실,생활,화장실,,,,
12.04.2024,금,10:45,11:33,00:48,"전력전자공학 (영강) (이기복 교수님) 시뮬레이션 과제, 환경 설정 등",,,,,,
12.04.2024,금,11:33,12:50,01:17,잠,잠,잠,,,,
12.04.2024,금,12:50,12:52,00:02,"이동 준비, 이동 등",생활,이동,,,,
12.04.2024,금,12:52,12:54,00:02,화장실,생활,화장실,,,,
12.04.2024,금,12:54,12:57,00:03,"이동 준비, 이동 등",생활,이동,,,,
12.04.2024,금,12:57,13:17,00:20,"식사 탐색, 준비, 식사, 뒤처리",생활,식사,,,,
12.04.2024,금,13:17,13:20,00:03,"이동 준비, 이동 등",생활,이동,,,,
12.04.2024,금,13:20,13:26,00:06,양치질,생활,양치질,,,,
12.04.2024,금,13:26,13:29,00:03,"이동 준비, 이동 등",생활,이동,,,,
12.04.2024,금,13:29,13:31,00:02,"공부 자리 준비, 정리, 사용 앱 등 환경 설정, 다음 공부 강의 재생 등 준비",행정,자리 정리,,,,
12.04.2024,금,13:31,14:13,00:42,"전력전자공학 (영강) (이기복 교수님) 시뮬레이션 과제, 환경 설정 등",,,,,,
12.04.2024,금,14:13,14:18,00:05,"이동 준비, 이동 등",생활,이동,,,,
12.04.2024,금,14:18,14:36,00:18,유튜브 랄로 시청 등,,,,,,
12.04.2024,금,14:36,14:47,00:11,화장실,생활,화장실,,,,
12.04.2024,금,14:47,14:48,00:01,"이동 준비, 이동 등",생활,이동,,,,
12.04.2024,금,14:48,14:59,00:11,간식,식사,간식,,,,
12.04.2024,금,14:59,15:01,00:02,"비일상품 구매, 탐색, 행정 처리",,,,,,
12.04.2024,금,15:01,15:13,00:12,간식,식사,간식,,,,
12.04.2024,금,15:13,15:16,00:03,"이동 준비, 이동 등",생활,이동,,,,
12.04.2024,금,15:16,16:26,01:10,"전력전자공학 (영강) (이기복 교수님) 시뮬레이션 과제, 환경 설정 등",,,,,,
12.04.2024,금,16:26,16:28,00:02,화장실,생활,화장실,,,,
12.04.2024,금,16:28,17:45,01:17,"전력전자공학 (영강) (이기복 교수님) 시뮬레이션 과제, 환경 설정 등",,,,,,
12.04.2024,금,17:45,17:47,00:02,화장실,생활,화장실,,,,
12.04.2024,금,17:47,18:30,00:43,"전력전자공학 (영강) (이기복 교수님) 시뮬레이션 과제, 환경 설정 등",,,,,,
12.04.2024,금,18:30,18:33,00:03,화장실,생활,화장실,,,,
12.04.2024,금,18:33,18:40,00:07,"전력전자공학 (영강) (이기복 교수님) 시뮬레이션 과제, 환경 설정 등",,,,,,
12.04.2024,금,18:40,18:41,00:01,"공부 자리 준비, 정리, 사용 앱 등 환경 설정, 다음 공부 강의 재생 등 준비",행정,자리 정리,,,,
12.04.2024,금,18:41,18:46,00:05,인터넷 커뮤니티 리그 오브 레전드 갤러리 서핑,,,,,,
12.04.2024,금,18:46,18:48,00:02,"공부 자리 준비, 정리, 사용 앱 등 환경 설정, 다음 공부 강의 재생 등 준비",행정,자리 정리,,,,
12.04.2024,금,18:48,18:50,00:02,"이동 준비, 이동 등",생활,이동,,,,
12.04.2024,금,18:50,18:52,00:02,"사물함 관련 행정, 정리 등",,,,,,
12.04.2024,금,18:52,19:00,00:08,"이동 준비, 이동 등",생활,이동,,,,
12.04.2024,금,19:00,19:14,00:14,책 박시백 조선왕조실록,,,,,,
12.04.2024,금,19:14,19:17,00:03,"이동 준비, 이동 등",생활,이동,,,,
12.04.2024,금,19:17,19:30,00:13,책 박시백 조선왕조실록,,,,,,
12.04.2024,금,19:30,19:32,00:02,"이동 준비, 이동 등",생활,이동,,,,
12.04.2024,금,19:32,19:51,00:19,책 박시백 조선왕조실록,,,,,,
12.04.2024,금,19:51,19:53,00:02,"이동 준비, 이동 등",생활,이동,,,,
12.04.2024,금,19:53,20:20,00:27,책 박시백 조선왕조실록,,,,,,
12.04.2024,금,20:20,20:43,00:23,"이동 준비, 이동 등",생활,이동,,,,
12.04.2024,금,20:43,20:46,00:03,물건 씻기 닦기,생활,"물품 씻기, 닦기",,,,
12.04.2024,금,20:46,20:47,00:01,"샤워 준비, 실행, 뒤처리 등",생활,씻기,,,,
12.04.2024,금,20:47,20:53,00:06,화장실,생활,화장실,,,,
12.04.2024,금,20:53,20:59,00:06,유튜브 랄로 시청 등,,,,,,
12.04.2024,금,20:59,21:46,00:47,톰과 제리 시청 등,,,,,,
12.04.2024,금,21:46,22:01,00:15,"샤워 준비, 실행, 뒤처리 등",생활,씻기,,,,
12.04.2024,금,22:01,22:02,00:01,"이불 깔기, 이불 커버 베갯닛 씌우기, 잘 준비, 알람 설정",수면,수면 준비,,,,
12.04.2024,금,22:02,22:04,00:02,톰과 제리 시청 등,,,,,,
12.04.2024,금,22:04,22:06,00:02,"이불 깔기, 이불 커버 베갯닛 씌우기, 잘 준비, 알람 설정",수면,수면 준비,,,,
12.04.2024,금,22:06,22:11,00:05,Duolingo 스페인어 (<-영어),공부,스페인어,,,,
12.04.2024,금,22:11,22:13,00:02,Duolingo 이탈리아어 (<-영어),공부,이탈리아어,,,,
12.04.2024,금,22:13,22:16,00:03,Duolingo 프랑스어 (<-영어),공부,프랑스어,,,,
12.04.2024,금,22:16,22:19,00:03,Duolingo 독일어 (<-영어),공부,독일어,,,,
12.04.2024,금,22:19,00:00,01:41,게임 리그 오브 레전드 LCK 시청,,,,,,
13.04.2024,토,00:00,04:49,04:49,잠,잠,잠,,,,
13.04.2024,토,04:49,04:59,00:10,"국내 언론 기사, 지면 인터뷰, 연재물 등 확인",정보,언론,,,,
13.04.2024,토,04:59,05:02,00:03,화장실,생활,화장실,,,,
13.04.2024,토,05:02,05:04,00:02,귀지 제거,,,,,,
13.04.2024,토,05:04,05:07,00:03,"식사 탐색, 준비, 식사, 뒤처리",생활,식사,,,,
13.04.2024,토,05:07,05:08,00:01,"요구르트 준비, 먹기, 처리 등",,,,,,
13.04.2024,토,05:08,05:23,00:15,"식사 탐색, 준비, 식사, 뒤처리",생활,식사,,,,
13.04.2024,토,05:23,05:27,00:04,"과일 준비, 먹기, 뒤처리",식사,과일,,,,
13.04.2024,토,05:27,05:50,00:23,"샤워 준비, 실행, 뒤처리 등",생활,씻기,,,,
13.04.2024,토,05:50,05:54,00:04,"이동 준비, 이동 등",생활,이동,,,,
13.04.2024,토,05:54,06:06,00:12,"이동 준비, 이동 등",생활,이동,,,,
13.04.2024,토,06:06,06:20,00:14,책 박시백 조선왕조실록,,,,,,
13.04.2024,토,06:20,06:21,00:01,"이동 준비, 이동 등",생활,이동,,,,
13.04.2024,토,06:21,06:49,00:28,책 박시백 조선왕조실록,,,,,,
13.04.2024,토,06:49,06:52,00:03,"이동 준비, 이동 등",생활,이동,,,,
13.04.2024,토,06:52,07:02,00:10,책 박시백 조선왕조실록,,,,,,
13.04.2024,토,07:02,07:05,00:03,"이동 준비, 이동 등",생활,이동,,,,
13.04.2024,토,07:05,07:16,00:11,책 박시백 조선왕조실록,,,,,,
13.04.2024,토,07:16,07:18,00:02,Duolingo 힌디어 (<-영어),,,,,,
13.04.2024,토,07:18,07:23,00:05,Duolingo 히브리어 (<-영어),공부,히브리어,,,,
13.04.2024,토,07:23,07:24,00:01,"이동 준비, 이동 등",생활,이동,,,,
13.04.2024,토,07:24,07:25,00:01,"일상품 구매, 탐색, 행정 처리",,,,,문기옥,
13.04.2024,토,07:25,07:26,00:01,"이동 준비, 이동 등",생활,이동,,,,
13.04.2024,토,07:26,07:28,00:02,"차 마시기, 준비",,,,,,
13.04.2024,토,07:28,07:30,00:02,"사물함 관련 행정, 정리 등",,,,,,
13.04.2024,토,07:30,07:31,00:01,"이동 준비, 이동 등",생활,이동,,,,
13.04.2024,토,07:31,07:33,00:02,"이동 준비, 이동 등",생활,이동,,,,
13.04.2024,토,07:33,07:36,00:03,화장실,생활,화장실,,,,
13.04.2024,토,07:36,07:38,00:02,"공부 자리 준비, 정리, 사용 앱 등 환경 설정, 다음 공부 강의 재생 등 준비",행정,자리 정리,,,,
13.04.2024,토,07:38,07:39,00:01,간식,식사,간식,,,,
13.04.2024,토,07:39,07:40,00:01,"이동 준비, 이동 등",생활,이동,,,,
13.04.2024,토,07:40,07:47,00:07,"공부 자리 준비, 정리, 사용 앱 등 환경 설정, 다음 공부 강의 재생 등 준비",행정,자리 정리,,,,
13.04.2024,토,07:47,07:50,00:03,인터넷 커뮤니티 디시인사이드 실시간 베스트 갤러리 서핑,,,,,,
13.04.2024,토,07:50,07:56,00:06,"비일상품 구매, 탐색, 행정 처리",,,,,,갤버즈 이어팁
13.04.2024,토,07:56,08:15,00:19,인터넷 커뮤니티 디시인사이드 실시간 베스트 갤러리 서핑,,,,,,
13.04.2024,토,08:15,08:53,00:38,"전력전자공학 (영강) (이기복 교수님) 시뮬레이션 과제, 환경 설정 등",,,,,,
13.04.2024,토,08:53,08:55,00:02,화장실,생활,화장실,,,,
13.04.2024,토,08:55,09:40,00:45,"전력전자공학 (영강) (이기복 교수님) 시뮬레이션 과제, 환경 설정 등",,,,,,
13.04.2024,토,09:40,09:59,00:19,만화가 귀귀 작품 읽기,여가,만화,,,,
13.04.2024,토,09:59,10:03,00:04,간식,식사,간식,,,,
13.04.2024,토,10:03,10:04,00:01,인터넷 커뮤니티 디시인사이드 실시간 베스트 갤러리 서핑,,,,,,
13.04.2024,토,10:04,10:58,00:54,"전력전자공학 (영강) (이기복 교수님) 시뮬레이션 과제, 환경 설정 등",,,,,,
13.04.2024,토,10:58,11:01,00:03,나무 위키 서핑,,,,,,매트랩
13.04.2024,토,11:01,11:03,00:02,화장실,생활,화장실,,,,
13.04.2024,토,11:03,11:23,00:20,나무 위키 서핑,,,,,,
13.04.2024,토,11:23,11:25,00:02,"이동 준비, 이동 등",생활,이동,,,,
13.04.2024,토,11:25,11:26,00:01,화장실,생활,화장실,,,,
13.04.2024,토,11:26,11:27,00:01,"이동 준비, 이동 등",생활,이동,,,,
13.04.2024,토,11:27,11:28,00:01,"비일상품 구매, 탐색, 행정 처리",,,,,,
13.04.2024,토,11:28,11:40,00:12,간식,식사,간식,,,,
13.04.2024,토,11:40,11:41,00:01,"이동 준비, 이동 등",생활,이동,,,,
13.04.2024,토,11:41,11:42,00:01,화장실,생활,화장실,,,,
13.04.2024,토,11:42,11:47,00:05,"이동 준비, 이동 등",생활,이동,,,,
13.04.2024,토,11:47,12:10,00:23,"반도체공학I (김규태 교수님) 수강, 수험, 대기 등",,,,,,
13.04.2024,토,12:10,12:42,00:32,잠,잠,잠,,,,
13.04.2024,토,12:42,12:55,00:13,"반도체공학I (김규태 교수님) 수강, 수험, 대기 등",,,,,,
13.04.2024,토,12:55,12:58,00:03,화장실,생활,화장실,,,,
13.04.2024,토,12:58,13:01,00:03,"공부 자리 준비, 정리, 사용 앱 등 환경 설정, 다음 공부 강의 재생 등 준비",행정,자리 정리,,,,
13.04.2024,토,13:01,13:02,00:01,"이동 준비, 이동 등",생활,이동,,,,
13.04.2024,토,13:02,13:04,00:02,"사물함 관련 행정, 정리 등",,,,,,
13.04.2024,토,13:04,13:13,00:09,"이동 준비, 이동 등",생활,이동,,,,
13.04.2024,토,13:13,13:24,00:11,책 박시백 조선왕조실록,,,,,,
13.04.2024,토,13:24,13:28,00:04,"이동 준비, 이동 등",생활,이동,,,,
13.04.2024,토,13:28,13:41,00:13,책 박시백 조선왕조실록,,,,,,
13.04.2024,토,13:41,13:43,00:02,"이동 준비, 이동 등",생활,이동,,,,
13.04.2024,토,13:43,14:09,00:26,책 박시백 조선왕조실록,,,,,,
13.04.2024,토,14:09,14:10,00:01,"이동 준비, 이동 등",생활,이동,,,,
13.04.2024,토,14:10,14:18,00:08,책 박시백 조선왕조실록,,,,,,
13.04.2024,토,14:18,14:25,00:07,책 만화 경제 기사 따라잡기 (곽해선. 윤상석),,,,,,
13.04.2024,토,14:25,14:41,00:16,"이동 준비, 이동 등",생활,이동,,,,
13.04.2024,토,14:41,14:44,00:03,"물품 배송 확인, 교환 반품 처리",,,,,,
13.04.2024,토,14:44,14:46,00:02,물건 씻기 닦기,생활,"물품 씻기, 닦기",,,,
13.04.2024,토,14:46,14:59,00:13,화장실,생활,화장실,,,,
13.04.2024,토,14:59,15:00,00:01,"이동 준비, 이동 등",생활,이동,,,,
13.04.2024,토,15:00,16:13,01:13,게임 리그 오브 레전드 LCK 시청,,,,,,
13.04.2024,토,16:13,16:14,00:01,화장실,생활,화장실,,,,
13.04.2024,토,16:14,19:10,02:56,게임 리그 오브 레전드 LCK 시청,,,,,,
13.04.2024,토,19:10,19:12,00:02,화장실,생활,화장실,,,,
13.04.2024,토,19:12,19:35,00:23,"식사 탐색, 준비, 식사, 뒤처리",생활,식사,,,,
13.04.2024,토,19:35,19:45,00:10,"과일 준비, 먹기, 뒤처리",식사,과일,,,,
13.04.2024,토,19:45,20:06,00:21,라디오/유튜브 시사 정치인싸 시청,정보,정치,,,,
13.04.2024,토,20:06,20:11,00:05,인터넷 커뮤니티 리그 오브 레전드 갤러리 서핑,,,,,,
13.04.2024,토,20:11,21:40,01:29,게임 리그 오브 레전드 LCK 시청,,,,,,
13.04.2024,토,21:40,00:00,02:20,잠,잠,잠,,,,
14.04.2024,일,00:00,05:14,05:14,잠,잠,잠,,,,
14.04.2024,일,05:14,05:18,00:04,"식사 탐색, 준비, 식사, 뒤처리",생활,식사,,,,
14.04.2024,일,05:18,05:20,00:02,"요구르트 준비, 먹기, 처리 등",,,,,,
14.04.2024,일,05:20,05:31,00:11,"식사 탐색, 준비, 식사, 뒤처리",생활,식사,,,,
14.04.2024,일,05:31,05:48,00:17,"샤워 준비, 실행, 뒤처리 등",생활,씻기,,,,
14.04.2024,일,05:48,05:50,00:02,면도,,,,,,
14.04.2024,일,05:50,05:54,00:04,"이동 준비, 이동 등",생활,이동,,,,
14.04.2024,일,05:54,05:54,00:00,"이동 준비, 이동 등",생활,이동,,,,
Total,3,,,53:54,,,,,,,