Date,Day,Check-In,Check-Out,Total,Task,Task Extra 1,Task Extra 2,Task Extra 3,Task Extra 4,Client,Work unit notes
15.04.2024,월,00:00,01:42,01:42,게임 리그 오브 레전드 LCK 시청,,,,,,
15.04.2024,월,01:42,04:45,03:03,잠,잠,잠,,,,
15.04.2024,월,04:45,04:53,00:08,인터넷 커뮤니티 리그 오브 레전드 갤러리 서핑,,,,,,
15.04.2024,월,04:53,04:56,00:03,"식사 탐색, 준비, 식사, 뒤처리",생활,식사,,,,
15.04.2024,월,04:56,04:57,00:01,"요구르트 준비, 먹기, 처리 등",,,,,,
15.04.2024,월,04:57,04:59,00:02,"식사 탐색, 준비, 식사, 뒤처리",생활,식사,,,,
15.04.2024,월,04:59,05:00,00:01,"요구르트 준비, 먹기, 처리 등",,,,,,
15.04.2024,월,05:00,05:12,00:12,"식사 탐색, 준비, 식사, 뒤처리",생활,식사,,,,
15.04.2024,월,05:12,05:15,00:03,"과일 준비, 먹기, 뒤처리",식사,과일,,,,
15.04.2024,월,05:15,05:37,00:22,"샤워 준비, 실행, 뒤처리 등",생활,씻기,,,,
15.04.2024,월,05:37,05:42,00:05,"이동 준비, 이동 등",생활,이동,,,,
15.04.2024,월,05:42,05:56,00:14,"이동 준비, 이동 등",생활,이동,,,,
15.04.2024,월,05:56,06:08,00:12,책 만화 경제 기사 따라잡기 (곽해선. 윤상석),,,,,,
15.04.2024,월,06:08,06:10,00:02,"이동 준비, 이동 등",생활,이동,,,,
15.04.2024,월,06:10,06:37,00:27,책 만화 경제 기사 따라잡기 (곽해선. 윤상석),,,,,,
15.04.2024,월,06:37,06:40,00:03,"이동 준비, 이동 등",생활,이동,,,,
15.04.2024,월,06:40,06:49,00:09,책 만화 경제 기사 따라잡기 (곽해선. 윤상석),,,,,,
15.04.2024,월,06:49,06:51,00:02,"이동 준비, 이동 등",생활,이동,,,,
15.04.2024,월,06:51,07:00,00:09,책 만화 경제 기사 따라잡기 (곽해선. 윤상석),,,,,,
15.04.2024,월,07:00,07:09,00:09,"이동 준비, 이동 등",생활,이동,,,,
15.04.2024,월,07:09,07:10,00:01,"일상품 구매, 탐색, 행정 처리",,,,,문기옥,
15.04.2024,월,07:10,07:11,00:01,"이동 준비, 이동 등",생활,이동,,,,
15.04.2024,월,07:11,07:13,00:02,"차 마시기, 준비",,,,,,
15.04.2024,월,07:13,07:14,00:01,"사물함 관련 행정, 정리 등",,,,,,
15.04.2024,월,07:14,07:16,00:02,"이동 준비, 이동 등",생활,이동,,,,
15.04.2024,월,07:16,07:19,00:03,"카카오톡, 밴드 등 메시지 작성, 검토, 전송, 확인, 사후 재검토 등",행정,카카오톡 전송,,,,
15.04.2024,월,07:19,07:31,00:12,"공부 자리 준비, 정리, 사용 앱 등 환경 설정, 다음 공부 강의 재생 등 준비",행정,자리 정리,,,,
15.04.2024,월,07:31,08:48,01:17,"반도체공학I (김규태 교수님) 수강, 수험, 대기 등",,,,,,
15.04.2024,월,08:48,08:50,00:02,"공부 자리 준비, 정리, 사용 앱 등 환경 설정, 다음 공부 강의 재생 등 준비",행정,자리 정리,,,,
15.04.2024,월,08:50,08:54,00:04,"이동 준비, 이동 등",생활,이동,,,,
15.04.2024,월,08:54,08:56,00:02,화장실,생활,화장실,,,,
15.04.2024,월,08:56,10:18,01:22,"반도체공학I (김규태 교수님) 수강, 수험, 대기 등",,,,,,
15.04.2024,월,10:18,10:24,00:06,"이동 준비, 이동 등",생활,이동,,,,
15.04.2024,월,10:24,10:29,00:05,"이동 준비, 이동 등",생활,이동,,,,
15.04.2024,월,10:29,10:46,00:17,화장실,생활,화장실,,,,
15.04.2024,월,10:46,10:50,00:04,"이동 준비, 이동 등",생활,이동,,,,
15.04.2024,월,10:50,10:52,00:02,간식 참았으니 주식 코인 계좌에 이체,,,,,,
15.04.2024,월,10:52,10:54,00:02,"공부 자리 준비, 정리, 사용 앱 등 환경 설정, 다음 공부 강의 재생 등 준비",행정,자리 정리,,,,
15.04.2024,월,10:54,11:01,00:07,"반도체공학I (김규태 교수님) 수강, 수험, 대기 등",,,,,,
15.04.2024,월,11:01,11:03,00:02,도서 책 정보 수집 및 구입 대출 등,정보,"책 정보 수집, 구입, 대출 등",,,,
15.04.2024,월,11:03,11:24,00:21,학습 목표/계획 수립/수정,행정,학습 계획,,,,
15.04.2024,월,11:24,12:06,00:42,나무 위키 서핑,,,,,,Lck
15.04.2024,월,12:06,12:50,00:44,"반도체공학I (김규태 교수님) 예습, 복습, 과제, 시험 공부 등",,,,,,
15.04.2024,월,12:50,12:55,00:05,"이동 준비, 이동 등",생활,이동,,,,
15.04.2024,월,12:55,13:12,00:17,"식사 탐색, 준비, 식사, 뒤처리",생활,식사,,,,
15.04.2024,월,13:12,13:17,00:05,"이동 준비, 이동 등",생활,이동,,,,
15.04.2024,월,13:17,13:25,00:08,양치질,생활,양치질,,,,
15.04.2024,월,13:25,13:26,00:01,"이동 준비, 이동 등",생활,이동,,,,
15.04.2024,월,13:26,13:27,00:01,가글 등,,,,,,
15.04.2024,월,13:27,13:33,00:06,"이동 준비, 이동 등",생활,이동,,,,
15.04.2024,월,13:33,14:04,00:31,"반도체공학I (김규태 교수님) 예습, 복습, 과제, 시험 공부 등",,,,,,
15.04.2024,월,14:04,14:10,00:06,간식,식사,간식,,,,
15.04.2024,월,14:10,14:17,00:07,"공부 자리 준비, 정리, 사용 앱 등 환경 설정, 다음 공부 강의 재생 등 준비",행정,자리 정리,,,,
15.04.2024,월,14:17,14:18,00:01,"이동 준비, 이동 등",생활,이동,,,,
15.04.2024,월,14:18,14:20,00:02,"사물함 관련 행정, 정리 등",,,,,,
15.04.2024,월,14:20,14:33,00:13,"이동 준비, 이동 등",생활,이동,,,,
15.04.2024,월,14:33,14:45,00:12,유튜브 랄로 시청 등,,,,,,
15.04.2024,월,14:45,14:49,00:04,"이동 준비, 이동 등",생활,이동,,,,
15.04.2024,월,14:49,15:00,00:11,유튜브 랄로 시청 등,,,,,,
15.04.2024,월,15:00,15:26,00:26,유튜브 랄로 시청 등,,,,,,
15.04.2024,월,15:26,15:29,00:03,"이동 준비, 이동 등",생활,이동,,,,
15.04.2024,월,15:29,15:44,00:15,유튜브 랄로 시청 등,,,,,,
15.04.2024,월,15:44,16:06,00:22,"이동 준비, 이동 등",생활,이동,,,,
15.04.2024,월,16:06,16:07,00:01,"수세미즙 먹기, 준비, 뒤처리 등",,,,,,
15.04.2024,월,16:07,16:09,00:02,"이불 깔기, 이불 커버 베갯닛 씌우기, 잘 준비, 알람 설정",수면,수면 준비,,,,
15.04.2024,월,16:09,16:40,00:31,인터넷 커뮤니티 리그 오브 레전드 갤러리 서핑,,,,,,
15.04.2024,월,16:40,17:10,00:30,게임 리그 오브 레전드 LCK 시청,,,,,,
15.04.2024,월,17:10,00:00,06:50,잠,잠,잠,,,,
16.04.2024,화,00:00,04:49,04:49,잠,잠,잠,,,,
16.04.2024,화,04:49,04:53,00:04,화장실,생활,화장실,,,,
16.04.2024,화,04:53,04:56,00:03,"식사 탐색, 준비, 식사, 뒤처리",생활,식사,,,,
16.04.2024,화,04:56,05:00,00:04,"요구르트 준비, 먹기, 처리 등",,,,,,
16.04.2024,화,05:00,05:13,00:13,"식사 탐색, 준비, 식사, 뒤처리",생활,식사,,,,
16.04.2024,화,05:13,05:18,00:05,"과일 준비, 먹기, 뒤처리",식사,과일,,,,
16.04.2024,화,05:18,05:38,00:20,"샤워 준비, 실행, 뒤처리 등",생활,씻기,,,,
16.04.2024,화,05:38,05:43,00:05,"이동 준비, 이동 등",생활,이동,,,,
16.04.2024,화,05:43,05:56,00:13,"이동 준비, 이동 등",생활,이동,,,,
16.04.2024,화,05:56,05:57,00:01,Duolingo 힌디어 (<-영어),,,,,,
16.04.2024,화,05:57,06:09,00:12,책 만화 경제 기사 따라잡기 (곽해선. 윤상석),,,,,,
16.04.2024,화,06:09,06:10,00:01,"이동 준비, 이동 등",생활,이동,,,,
16.04.2024,화,06:10,06:37,00:27,책 만화 경제 기사 따라잡기 (곽해선. 윤상석),,,,,,
16.04.2024,화,06:37,06:40,00:03,"이동 준비, 이동 등",생활,이동,,,,
16.04.2024,화,06:40,06:49,00:09,책 만화 경제 기사 따라잡기 (곽해선. 윤상석),,,,,,
16.04.2024,화,06:49,06:52,00:03,"이동 준비, 이동 등",생활,이동,,,,
16.04.2024,화,06:52,07:01,00:09,책 만화 경제 기사 따라잡기 (곽해선. 윤상석),,,,,,
16.04.2024,화,07:01,07:08,00:07,"이동 준비, 이동 등",생활,이동,,,,
16.04.2024,화,07:08,07:09,00:01,"일상품 구매, 탐색, 행정 처리",,,,,문기옥,
16.04.2024,화,07:09,07:10,00:01,"이동 준비, 이동 등",생활,이동,,,,
16.04.2024,화,07:10,07:12,00:02,"차 마시기, 준비",,,,,,
16.04.2024,화,07:12,07:18,00:06,"이동 준비, 이동 등",생활,이동,,,,
16.04.2024,화,07:18,07:25,00:07,"공부 자리 준비, 정리, 사용 앱 등 환경 설정, 다음 공부 강의 재생 등 준비",행정,자리 정리,,,,
16.04.2024,화,07:25,08:48,01:23,"반도체공학I (김규태 교수님) 예습, 복습, 과제, 시험 공부 등",,,,,,
16.04.2024,화,08:48,08:50,00:02,화장실,생활,화장실,,,,
16.04.2024,화,08:50,09:51,01:01,"반도체공학I (김규태 교수님) 예습, 복습, 과제, 시험 공부 등",,,,,,
16.04.2024,화,09:51,09:54,00:03,화장실,생활,화장실,,,,
16.04.2024,화,09:54,09:56,00:02,휴식,생활,휴식,,,,
16.04.2024,화,09:56,10:58,01:02,"반도체공학I (김규태 교수님) 예습, 복습, 과제, 시험 공부 등",,,,,,
16.04.2024,화,10:58,11:00,00:02,화장실,생활,화장실,,,,
16.04.2024,화,11:00,11:02,00:02,"이동 준비, 이동 등",생활,이동,,,,
16.04.2024,화,11:02,11:23,00:21,"식사 탐색, 준비, 식사, 뒤처리",생활,식사,,,,
16.04.2024,화,11:23,11:29,00:06,양치질,생활,양치질,,,,
16.04.2024,화,11:29,11:30,00:01,"이동 준비, 이동 등",생활,이동,,,,
16.04.2024,화,11:30,11:31,00:01,가글 등,,,,,,
16.04.2024,화,11:31,11:35,00:04,"이동 준비, 이동 등",생활,이동,,,,
16.04.2024,화,11:35,11:45,00:10,인터넷 커뮤니티 리그 오브 레전드 갤러리 서핑,,,,,,
16.04.2024,화,11:45,11:51,00:06,"이동 준비, 이동 등",생활,이동,,,,
16.04.2024,화,11:51,11:53,00:02,"전력전자공학 (영강) (이기복 교수님) 수강, 수험, 대기 등",,,,,,
16.04.2024,화,11:53,11:59,00:06,Duolingo 히브리어 (<-영어),공부,히브리어,,,,
16.04.2024,화,11:59,12:01,00:02,Duolingo 스페인어 (<-영어),공부,스페인어,,,,
16.04.2024,화,12:01,13:14,01:13,"전력전자공학 (영강) (이기복 교수님) 수강, 수험, 대기 등",,,,,,
16.04.2024,화,13:14,13:24,00:10,"이동 준비, 이동 등",생활,이동,,,,
16.04.2024,화,13:24,13:26,00:02,화장실,생활,화장실,,,,
16.04.2024,화,13:26,13:30,00:04,Duolingo 스페인어 (<-영어),공부,스페인어,,,,
16.04.2024,화,13:30,14:52,01:22,"전기전자재료공학 (주병권 교수님) 수강, 수험, 대기 등",,,,,,
16.04.2024,화,14:52,15:00,00:08,인터넷 커뮤니티 리그 오브 레전드 갤러리 서핑,,,,,,
16.04.2024,화,15:00,15:29,00:29,"전기전자재료공학 (주병권 교수님) 수강, 수험, 대기 등",,,,,,
16.04.2024,화,15:29,15:34,00:05,"이동 준비, 이동 등",생활,이동,,,,
16.04.2024,화,15:34,15:37,00:03,"이동 준비, 이동 등",생활,이동,,,,
16.04.2024,화,15:37,15:38,00:01,도서 책 정보 수집 및 구입 대출 등,정보,"책 정보 수집, 구입, 대출 등",,,,
16.04.2024,화,15:38,15:39,00:01,화장실,생활,화장실,,,,
16.04.2024,화,15:39,15:43,00:04,도서 책 정보 수집 및 구입 대출 등,정보,"책 정보 수집, 구입, 대출 등",,,,
16.04.2024,화,15:43,15:45,00:02,"이동 준비, 이동 등",생활,이동,,,,
16.04.2024,화,15:45,17:03,01:18,"반도체공학I (김규태 교수님) 예습, 복습, 과제, 시험 공부 등",,,,,,
16.04.2024,화,17:03,17:05,00:02,화장실,생활,화장실,,,,
16.04.2024,화,17:05,17:06,00:01,"반도체공학I (김규태 교수님) 예습, 복습, 과제, 시험 공부 등",,,,,,
16.04.2024,화,17:06,17:09,00:03,"이동 준비, 이동 등",생활,이동,,,,
16.04.2024,화,17:09,17:10,00:01,"비일상품 구매, 탐색, 행정 처리",,,,,,
16.04.2024,화,17:10,17:20,00:10,간식,식사,간식,,,,
16.04.2024,화,17:20,17:21,00:01,"비일상품 구매, 탐색, 행정 처리",,,,,,
16.04.2024,화,17:21,17:24,00:03,"이동 준비, 이동 등",생활,이동,,,,
16.04.2024,화,17:24,17:39,00:15,간식,식사,간식,,,,
16.04.2024,화,17:39,17:42,00:03,화장실,생활,화장실,,,,
16.04.2024,화,17:42,17:47,00:05,"공부 자리 준비, 정리, 사용 앱 등 환경 설정, 다음 공부 강의 재생 등 준비",행정,자리 정리,,,,
16.04.2024,화,17:47,17:48,00:01,"이동 준비, 이동 등",생활,이동,,,,
16.04.2024,화,17:48,17:52,00:04,"공부 자리 준비, 정리, 사용 앱 등 환경 설정, 다음 공부 강의 재생 등 준비",행정,자리 정리,,,,
16.04.2024,화,17:52,18:42,00:50,"반도체공학I (김규태 교수님) 예습, 복습, 과제, 시험 공부 등",,,,,,
16.04.2024,화,18:42,18:44,00:02,화장실,생활,화장실,,,,
16.04.2024,화,18:44,18:48,00:04,도서 책 정보 수집 및 구입 대출 등,정보,"책 정보 수집, 구입, 대출 등",,,,
16.04.2024,화,18:48,19:39,00:51,"반도체공학I (김규태 교수님) 예습, 복습, 과제, 시험 공부 등",,,,,,
16.04.2024,화,19:39,19:41,00:02,화장실,생활,화장실,,,,
16.04.2024,화,19:41,19:44,00:03,"이동 준비, 이동 등",생활,이동,,,,
16.04.2024,화,19:44,19:45,00:01,"비일상품 구매, 탐색, 행정 처리",,,,,,
16.04.2024,화,19:45,19:48,00:03,"이동 준비, 이동 등",생활,이동,,,,
16.04.2024,화,19:48,20:03,00:15,간식,식사,간식,,,,
16.04.2024,화,20:03,20:05,00:02,"이동 준비, 이동 등",생활,이동,,,,
16.04.2024,화,20:05,20:36,00:31,"반도체공학I (김규태 교수님) 예습, 복습, 과제, 시험 공부 등",,,,,,
16.04.2024,화,20:36,20:38,00:02,"이동 준비, 이동 등",생활,이동,,,,
16.04.2024,화,20:38,20:48,00:10,"반도체공학I (김규태 교수님) 예습, 복습, 과제, 시험 공부 등",,,,,,
16.04.2024,화,20:48,20:52,00:04,"공부 자리 준비, 정리, 사용 앱 등 환경 설정, 다음 공부 강의 재생 등 준비",행정,자리 정리,,,,
16.04.2024,화,20:52,20:53,00:01,"이동 준비, 이동 등",생활,이동,,,,
16.04.2024,화,20:53,20:56,00:03,"사물함 관련 행정, 정리 등",,,,,,
16.04.2024,화,20:56,20:57,00:01,도서 책 정보 수집 및 구입 대출 등,정보,"책 정보 수집, 구입, 대출 등",,,,
16.04.2024,화,20:57,21:10,00:13,"이동 준비, 이동 등",생활,이동,,,,
16.04.2024,화,21:10,21:19,00:09,책 만화 경제 기사 따라잡기 (곽해선. 윤상석),,,,,,
16.04.2024,화,21:19,21:24,00:05,"이동 준비, 이동 등",생활,이동,,,,
16.04.2024,화,21:24,21:33,00:09,책 만화 경제 기사 따라잡기 (곽해선. 윤상석),,,,,,
16.04.2024,화,21:33,21:36,00:03,"이동 준비, 이동 등",생활,이동,,,,
16.04.2024,화,21:36,22:02,00:26,책 만화 경제 기사 따라잡기 (곽해선. 윤상석),,,,,,
16.04.2024,화,22:02,22:05,00:03,"이동 준비, 이동 등",생활,이동,,,,
16.04.2024,화,22:05,22:06,00:01,책 만화 경제 기사 따라잡기 (곽해선. 윤상석),,,,,,
16.04.2024,화,22:06,22:34,00:28,책 롤스 & 매킨타이어 정의로운 삶의 조건 (이양수),,,,,,
16.04.2024,화,22:34,22:37,00:03,"이동 준비, 이동 등",생활,이동,,,,
Total,2,,,46:37,,,,,,,