Date,Day,Check-In,Check-Out,Total,Task,Task Extra 1,Task Extra 2,Task Extra 3,Task Extra 4,Client,Work unit notes
29.04.2024,Mon,00:00,06:36,06:36,잠,잠,잠,,,,
29.04.2024,Mon,06:36,06:39,00:03,"식사 탐색, 준비, 식사, 뒤처리",생활,식사,,,,
29.04.2024,Mon,06:39,06:42,00:03,"요구르트 준비, 먹기, 처리 등",,,,,,
29.04.2024,Mon,06:42,06:52,00:10,"식사 탐색, 준비, 식사, 뒤처리",생활,식사,,,,
29.04.2024,Mon,06:52,06:54,00:02,"과일 준비, 먹기, 뒤처리",식사,과일,,,,
29.04.2024,Mon,06:54,06:56,00:02,간식,식사,간식,,,,
29.04.2024,Mon,06:56,07:15,00:19,"샤워 준비, 실행, 뒤처리 등",생활,씻기,,,,
29.04.2024,Mon,07:15,07:18,00:03,"이동 준비, 이동 등",생활,이동,,,,
29.04.2024,Mon,07:18,07:30,00:12,"이동 준비, 이동 등",생활,이동,,,,
29.04.2024,Mon,07:30,07:47,00:17,책 황제의 새 마음 (로저 펜로즈; 박승수),,,,,,
29.04.2024,Mon,07:47,07:51,00:04,"이동 준비, 이동 등",생활,이동,,,,
29.04.2024,Mon,07:51,08:14,00:23,책 황제의 새 마음 (로저 펜로즈; 박승수),,,,,,
29.04.2024,Mon,08:14,08:16,00:02,"이동 준비, 이동 등",생활,이동,,,,
29.04.2024,Mon,08:16,08:25,00:09,책 황제의 새 마음 (로저 펜로즈; 박승수),,,,,,
29.04.2024,Mon,08:25,08:29,00:04,"이동 준비, 이동 등",생활,이동,,,,
29.04.2024,Mon,08:29,08:41,00:12,책 황제의 새 마음 (로저 펜로즈; 박승수),,,,,,
29.04.2024,Mon,08:41,08:52,00:11,"이동 준비, 이동 등",생활,이동,,,,
29.04.2024,Mon,08:52,08:55,00:03,"반도체공학I (김규태 교수님) 수강, 수험, 대기 등",,,,,,
29.04.2024,Mon,08:55,09:09,00:14,책 황제의 새 마음 (로저 펜로즈; 박승수),,,,,,
29.04.2024,Mon,09:09,10:16,01:07,"반도체공학I (김규태 교수님) 수강, 수험, 대기 등",,,,,,
29.04.2024,Mon,10:16,10:27,00:11,"이동 준비, 이동 등",생활,이동,,,,
29.04.2024,Mon,10:27,10:29,00:02,"이동 준비, 이동 등",생활,이동,,,,
29.04.2024,Mon,10:29,10:31,00:02,"차 마시기, 준비",,,,,,
29.04.2024,Mon,10:31,10:32,00:01,"사물함 관련 행정, 정리 등",,,,,,
29.04.2024,Mon,10:32,10:34,00:02,"이동 준비, 이동 등",생활,이동,,,,
29.04.2024,Mon,10:34,10:37,00:03,"공부 자리 준비, 정리, 사용 앱 등 환경 설정, 다음 공부 강의 재생 등 준비",행정,자리 정리,,,,
29.04.2024,Mon,10:37,10:38,00:01,"이동 준비, 이동 등",생활,이동,,,,
29.04.2024,Mon,10:38,10:58,00:20,통신사 관련 기타 행정,행정,통신사,,,,
29.04.2024,Mon,10:58,11:02,00:04,"이동 준비, 이동 등",생활,이동,,,,
29.04.2024,Mon,11:02,11:06,00:04,노트북 환경 구축 관리 등,,,,,문기옥,
29.04.2024,Mon,11:06,11:40,00:34,PSAT_입법 언어논리 공부,,,,,,
29.04.2024,Mon,11:40,11:45,00:05,통신사 관련 기타 행정,행정,통신사,,,,
29.04.2024,Mon,11:45,12:22,00:37,PSAT_입법 언어논리 공부,,,,,,
29.04.2024,Mon,12:22,12:27,00:05,통신사 관련 기타 행정,행정,통신사,,,,
29.04.2024,Mon,12:27,12:28,00:01,PSAT_입법 언어논리 공부,,,,,,
29.04.2024,Mon,12:28,12:38,00:10,도서 책 정보 수집 및 구입 대출 등,정보,"책 정보 수집, 구입, 대출 등",,,,
29.04.2024,Mon,12:38,12:48,00:10,통신사 관련 기타 행정,행정,통신사,,,,
29.04.2024,Mon,12:48,13:09,00:21,PSAT_입법 언어논리 공부,,,,,,
29.04.2024,Mon,13:09,13:15,00:06,"공부 자리 준비, 정리, 사용 앱 등 환경 설정, 다음 공부 강의 재생 등 준비",행정,자리 정리,,,,
29.04.2024,Mon,13:15,13:18,00:03,시험 법학적성시험 LEET 추리논증 공부,,,,,문기옥,
29.04.2024,Mon,13:18,13:24,00:06,채점 등 행정,,,,,,
29.04.2024,Mon,13:24,13:28,00:04,"이동 준비, 이동 등",생활,이동,,,,
29.04.2024,Mon,13:28,13:47,00:19,"식사 탐색, 준비, 식사, 뒤처리",생활,식사,,,,
29.04.2024,Mon,13:47,13:49,00:02,"이동 준비, 이동 등",생활,이동,,,,
29.04.2024,Mon,13:49,13:56,00:07,양치질,생활,양치질,,,,
29.04.2024,Mon,13:56,13:57,00:01,"이동 준비, 이동 등",생활,이동,,,,
29.04.2024,Mon,13:57,13:59,00:02,인터넷 커뮤니티 고파스 서핑,,,,,,
29.04.2024,Mon,13:59,14:01,00:02,가글 등,,,,,,
29.04.2024,Mon,14:01,14:05,00:04,"이동 준비, 이동 등",생활,이동,,,,
29.04.2024,Mon,14:05,14:38,00:33,인터넷 커뮤니티 고파스 서핑,,,,,,
29.04.2024,Mon,14:38,14:42,00:04,통신사 관련 기타 행정,행정,통신사,,,,
29.04.2024,Mon,14:42,14:45,00:03,인터넷 커뮤니티 고파스 서핑,,,,,,
29.04.2024,Mon,14:45,14:48,00:03,노트북 환경 구축 관리 등,,,,,문기옥,
29.04.2024,Mon,14:48,15:40,00:52,인터넷 커뮤니티 고파스 서핑,,,,,,
29.04.2024,Mon,15:40,16:53,01:13,나무 위키 서핑,,,,,,
29.04.2024,Mon,16:53,16:55,00:02,"이동 준비, 이동 등",생활,이동,,,,
29.04.2024,Mon,16:55,16:56,00:01,화장실,생활,화장실,,,,
29.04.2024,Mon,16:56,16:59,00:03,도서 책 정보 수집 및 구입 대출 등,정보,"책 정보 수집, 구입, 대출 등",,,,
29.04.2024,Mon,16:59,17:01,00:02,"이동 준비, 이동 등",생활,이동,,,,
29.04.2024,Mon,17:01,17:04,00:03,"공부 자리 준비, 정리, 사용 앱 등 환경 설정, 다음 공부 강의 재생 등 준비",행정,자리 정리,,,,
29.04.2024,Mon,17:04,17:05,00:01,인터넷 커뮤니티 고파스 서핑,,,,,,
29.04.2024,Mon,17:05,17:06,00:01,"공부 자리 준비, 정리, 사용 앱 등 환경 설정, 다음 공부 강의 재생 등 준비",행정,자리 정리,,,,
29.04.2024,Mon,17:06,17:08,00:02,"이동 준비, 이동 등",생활,이동,,,,
29.04.2024,Mon,17:08,17:10,00:02,"사물함 관련 행정, 정리 등",,,,,,
29.04.2024,Mon,17:10,17:14,00:04,"이동 준비, 이동 등",생활,이동,,,,
29.04.2024,Mon,17:14,17:23,00:09,통신사 관련 기타 행정,행정,통신사,,,,
29.04.2024,Mon,17:23,17:31,00:08,"이동 준비, 이동 등",생활,이동,,,,
29.04.2024,Mon,17:31,17:42,00:11,통신사 관련 기타 행정,행정,통신사,,,,
29.04.2024,Mon,17:42,17:47,00:05,"이동 준비, 이동 등",생활,이동,,,,
29.04.2024,Mon,17:47,17:55,00:08,통신사 관련 기타 행정,행정,통신사,,,,
29.04.2024,Mon,17:55,17:58,00:03,"이동 준비, 이동 등",생활,이동,,,,
29.04.2024,Mon,17:58,18:16,00:18,통신사 관련 기타 행정,행정,통신사,,,,
29.04.2024,Mon,18:16,18:19,00:03,"이동 준비, 이동 등",생활,이동,,,,
29.04.2024,Mon,18:19,18:26,00:07,인터넷 커뮤니티 고파스 서핑,,,,,,
29.04.2024,Mon,18:26,18:42,00:16,인터넷 커뮤니티 디시인사이드 실시간 베스트 갤러리 서핑,,,,,,
29.04.2024,Mon,18:42,18:46,00:04,"이동 준비, 이동 등",생활,이동,,,,
29.04.2024,Mon,18:46,18:48,00:02,화장실,생활,화장실,,,,
29.04.2024,Mon,18:48,19:06,00:18,"이동 준비, 이동 등",생활,이동,,,,
29.04.2024,Mon,19:06,19:20,00:14,통신사 관련 기타 행정,행정,통신사,,,,
29.04.2024,Mon,19:20,19:41,00:21,"이동 준비, 이동 등",생활,이동,,,,
29.04.2024,Mon,19:41,19:44,00:03,Duolingo 스페인어 (<-영어),공부,스페인어,,,,
29.04.2024,Mon,19:44,19:51,00:07,"이동 준비, 이동 등",생활,이동,,,,
29.04.2024,Mon,19:51,19:54,00:03,물건 씻기 닦기,생활,"물품 씻기, 닦기",,,,
29.04.2024,Mon,19:54,19:57,00:03,인터넷 커뮤니티 고파스 서핑,,,,,,
29.04.2024,Mon,19:57,20:08,00:11,인터넷 커뮤니티 고파스 서핑,,,,,,
29.04.2024,Mon,20:08,20:19,00:11,"샤워 준비, 실행, 뒤처리 등",생활,씻기,,,,
29.04.2024,Mon,20:19,20:59,00:40,인터넷 커뮤니티 고파스 서핑,,,,,,
29.04.2024,Mon,20:59,23:23,02:24,게임 리그 오브 레전드 플레이,여가,게임,,,,
29.04.2024,Mon,23:23,23:27,00:04,Duolingo 힌디어 (<-영어),,,,,,
29.04.2024,Mon,23:27,23:28,00:01,Duolingo 이탈리아어 (<-영어),공부,이탈리아어,,,,
29.04.2024,Mon,23:28,23:32,00:04,Duolingo 프랑스어 (<-영어),공부,프랑스어,,,,
29.04.2024,Mon,23:32,23:33,00:01,Duolingo 독일어 (<-영어),공부,독일어,,,,
29.04.2024,Mon,23:33,23:35,00:02,Duolingo 히브리어 (<-영어),공부,히브리어,,,,
29.04.2024,Mon,23:35,00:00,00:25,유튜브 랄로 시청 등,,,,,,
30.04.2024,Tue,00:00,00:03,00:03,유튜브 랄로 시청 등,,,,,,
30.04.2024,Tue,00:03,07:57,07:54,잠,잠,잠,,,,
30.04.2024,Tue,07:57,08:41,00:44,유튜브 랄로 시청 등,,,,,,
30.04.2024,Tue,08:41,08:43,00:02,화장실,생활,화장실,,,,
30.04.2024,Tue,08:43,08:46,00:03,"요구르트 준비, 먹기, 처리 등",,,,,,
30.04.2024,Tue,08:46,09:01,00:15,"식사 탐색, 준비, 식사, 뒤처리",생활,식사,,,,
30.04.2024,Tue,09:01,09:06,00:05,간식,식사,간식,,,,
30.04.2024,Tue,09:06,09:09,00:03,"과일 준비, 먹기, 뒤처리",식사,과일,,,,
30.04.2024,Tue,09:09,09:44,00:35,"샤워 준비, 실행, 뒤처리 등",생활,씻기,,,,
30.04.2024,Tue,09:44,09:47,00:03,"이동 준비, 이동 등",생활,이동,,,,
30.04.2024,Tue,09:47,09:54,00:07,"이동 준비, 이동 등",생활,이동,,,,
Total,2,,,33:54,,,,,,,