Date,Day,Check-In,Check-Out,Total,Task,Task Extra 1,Task Extra 2,Task Extra 3,Task Extra 4,Client,Work unit notes
12.06.2024,Wed,00:00,00:51,00:51,게임 리그 오브 레전드 플레이,여가,게임,,,,
12.06.2024,Wed,00:51,01:08,00:17,화장실,생활,화장실,,,,
12.06.2024,Wed,01:08,01:15,00:07,씻기 닦기,생활,"씻기, 닦기",,,,
12.06.2024,Wed,01:15,01:41,00:26,유튜브 랄로 시청 등,,,,,,
12.06.2024,Wed,01:41,05:44,04:03,잠,잠,잠,,,,
12.06.2024,Wed,05:44,05:45,00:01,귀지 제거,,,,,,
12.06.2024,Wed,05:45,05:48,00:03,"수세미즙 먹기, 준비, 뒤처리 등",,,,,,
12.06.2024,Wed,05:48,05:50,00:02,"요구르트 준비, 먹기, 처리 등",,,,,,
12.06.2024,Wed,05:50,06:01,00:11,"식사 탐색, 준비, 식사, 뒤처리",생활,식사,,,,
12.06.2024,Wed,06:01,06:03,00:02,"샤워 준비, 실행, 뒤처리 등",생활,씻기,,,,
12.06.2024,Wed,06:03,06:17,00:14,화장실,생활,화장실,,,,
12.06.2024,Wed,06:17,06:38,00:21,"샤워 준비, 실행, 뒤처리 등",생활,씻기,,,,
12.06.2024,Wed,06:38,06:39,00:01,면도,,,,,,
12.06.2024,Wed,06:39,06:44,00:05,"이동 준비, 이동 등",생활,이동,,,,
12.06.2024,Wed,06:44,06:45,00:01,"이동 준비, 이동 등",생활,이동,,,,
12.06.2024,Wed,06:45,06:46,00:01,"이동 준비, 이동 등",생활,이동,,,,
12.06.2024,Wed,06:46,06:47,00:01,Duolingo 스웨덴어 (<-영어),,,,,,
12.06.2024,Wed,06:47,06:51,00:04,Duolingo 네덜란드어 (<-영어),공부,네덜란드어,,,,
12.06.2024,Wed,06:51,06:54,00:03,Duolingo 독일어 (<-영어),공부,독일어,,,,
12.06.2024,Wed,06:54,06:58,00:04,Duolingo 아랍어 (<-영어),공부,아랍어,,,,
12.06.2024,Wed,06:58,07:06,00:08,Duolingo 힌디어 (<-영어),,,,,,
12.06.2024,Wed,07:06,07:14,00:08,"책 듀이 & 로티 미국의 철학적 유산, 프래그머티즘 (이유선)",,,,,,
12.06.2024,Wed,07:14,07:19,00:05,잠,잠,잠,,,,
12.06.2024,Wed,07:19,07:22,00:03,"이동 준비, 이동 등",생활,이동,,,,
12.06.2024,Wed,07:22,07:29,00:07,"책 듀이 & 로티 미국의 철학적 유산, 프래그머티즘 (이유선)",,,,,,
12.06.2024,Wed,07:29,07:44,00:15,잠,잠,잠,,,,
12.06.2024,Wed,07:44,08:20,00:36,"이동 준비, 이동 등",생활,이동,,,,
12.06.2024,Wed,08:20,08:22,00:02,"이동 준비, 이동 등",생활,이동,,,,
12.06.2024,Wed,08:22,08:23,00:01,"일상품 구매, 탐색, 행정 처리",,,,,문기옥,
12.06.2024,Wed,08:23,08:24,00:01,"이동 준비, 이동 등",생활,이동,,,,
12.06.2024,Wed,08:24,08:26,00:02,"차 마시기, 준비",,,,,,
12.06.2024,Wed,08:26,08:28,00:02,"사물함 관련 행정, 정리 등",,,,,,
12.06.2024,Wed,08:28,08:29,00:01,"이동 준비, 이동 등",생활,이동,,,,
12.06.2024,Wed,08:29,08:32,00:03,"공부 자리 준비, 정리, 사용 앱 등 환경 설정, 다음 공부 강의 재생 등 준비",행정,자리 정리,,,,
12.06.2024,Wed,08:32,08:37,00:05,"이동 준비, 이동 등",생활,이동,,,,
12.06.2024,Wed,08:37,09:00,00:23,잠,잠,잠,,,,
12.06.2024,Wed,09:00,10:17,01:17,"반도체공학I (김규태 교수님) 수강, 수험, 대기 등",,,,,,
12.06.2024,Wed,10:17,10:22,00:05,"이동 준비, 이동 등",생활,이동,,,,
12.06.2024,Wed,10:22,10:25,00:03,화장실,생활,화장실,,,,
12.06.2024,Wed,10:25,10:52,00:27,"전력전자공학 (영강) (이기복 교수님) 예습, 복습, 과제, 시험 공부 등",,,,,,
12.06.2024,Wed,10:52,10:58,00:06,"이동 준비, 이동 등",생활,이동,,,,
12.06.2024,Wed,10:58,11:15,00:17,"식사 탐색, 준비, 식사, 뒤처리",생활,식사,,,,
12.06.2024,Wed,11:15,11:17,00:02,"이동 준비, 이동 등",생활,이동,,,,
12.06.2024,Wed,11:17,11:28,00:11,"식사 탐색, 준비, 식사, 뒤처리",생활,식사,,,,
12.06.2024,Wed,11:28,11:30,00:02,"이동 준비, 이동 등",생활,이동,,,,
12.06.2024,Wed,11:30,11:53,00:23,"식사 탐색, 준비, 식사, 뒤처리",생활,식사,,,,
12.06.2024,Wed,11:53,11:55,00:02,화장실,생활,화장실,,,,
12.06.2024,Wed,11:55,12:02,00:07,산책,생활,산책,,,문기옥,
12.06.2024,Wed,12:02,12:31,00:29,휴식,생활,휴식,,,,
12.06.2024,Wed,12:31,12:38,00:07,산책,생활,산책,,,문기옥,
12.06.2024,Wed,12:38,12:40,00:02,화장실,생활,화장실,,,,
12.06.2024,Wed,12:40,13:25,00:45,"전력전자공학 (영강) (이기복 교수님) 예습, 복습, 과제, 시험 공부 등",,,,,,
12.06.2024,Wed,13:25,13:34,00:09,나무 위키 서핑,,,,,,
12.06.2024,Wed,13:34,14:44,01:10,잠,잠,잠,,,,
12.06.2024,Wed,14:44,14:52,00:08,"전력전자공학 (영강) (이기복 교수님) 예습, 복습, 과제, 시험 공부 등",,,,,,
12.06.2024,Wed,14:52,14:55,00:03,화장실,생활,화장실,,,,
12.06.2024,Wed,14:55,15:09,00:14,"전력전자공학 (영강) (이기복 교수님) 예습, 복습, 과제, 시험 공부 등",,,,,,
12.06.2024,Wed,15:09,15:10,00:01,"이동 준비, 이동 등",생활,이동,,,,
12.06.2024,Wed,15:10,15:28,00:18,도서 책 정보 수집 및 구입 대출 등,정보,"책 정보 수집, 구입, 대출 등",,,,
12.06.2024,Wed,15:28,15:44,00:16,인터넷 커뮤니티 고파스 서핑,,,,,,
12.06.2024,Wed,15:44,15:47,00:03,"이동 준비, 이동 등",생활,이동,,,,
12.06.2024,Wed,15:47,16:13,00:26,화장실,생활,화장실,,,,
12.06.2024,Wed,16:13,16:15,00:02,"이동 준비, 이동 등",생활,이동,,,,
12.06.2024,Wed,16:15,16:39,00:24,메이플 랜드 갤러리 서핑,,,,,,
12.06.2024,Wed,16:39,16:41,00:02,"이동 준비, 이동 등",생활,이동,,,,
12.06.2024,Wed,16:41,17:02,00:21,"전력전자공학 (영강) (이기복 교수님) 예습, 복습, 과제, 시험 공부 등",,,,,,
12.06.2024,Wed,17:02,17:06,00:04,화장실,생활,화장실,,,,
12.06.2024,Wed,17:06,17:09,00:03,"공부 자리 준비, 정리, 사용 앱 등 환경 설정, 다음 공부 강의 재생 등 준비",행정,자리 정리,,,,
12.06.2024,Wed,17:09,17:18,00:09,"이동 준비, 이동 등",생활,이동,,,,
12.06.2024,Wed,17:18,17:30,00:12,게임 리그 오브 레전드 LCK 시청,,,,,,
12.06.2024,Wed,17:30,17:34,00:04,"이동 준비, 이동 등",생활,이동,,,,
12.06.2024,Wed,17:34,17:45,00:11,게임 리그 오브 레전드 LCK 시청,,,,,,
12.06.2024,Wed,17:45,17:48,00:03,"이동 준비, 이동 등",생활,이동,,,,
12.06.2024,Wed,17:48,18:13,00:25,게임 리그 오브 레전드 LCK 시청,,,,,,
12.06.2024,Wed,18:13,18:14,00:01,"이동 준비, 이동 등",생활,이동,,,,
12.06.2024,Wed,18:14,18:29,00:15,게임 리그 오브 레전드 LCK 시청,,,,,,
12.06.2024,Wed,18:29,18:52,00:23,"이동 준비, 이동 등",생활,이동,,,,
12.06.2024,Wed,18:52,19:02,00:10,"과일 준비, 먹기, 뒤처리",식사,과일,,,,
12.06.2024,Wed,19:02,20:19,01:17,게임 리그 오브 레전드 LCK 시청,,,,,,
12.06.2024,Wed,20:19,20:22,00:03,화장실,생활,화장실,,,,
12.06.2024,Wed,20:22,21:57,01:35,게임 리그 오브 레전드 플레이,여가,게임,,,,
12.06.2024,Wed,21:57,21:59,00:02,화장실,생활,화장실,,,,
12.06.2024,Wed,21:59,00:00,02:01,게임 리그 오브 레전드 플레이,여가,게임,,,,
13.06.2024,Thu,00:00,01:43,01:43,게임 리그 오브 레전드 플레이,여가,게임,,,,
13.06.2024,Thu,01:43,02:15,00:32,유튜브 랄로 시청 등,,,,,,
13.06.2024,Thu,02:15,05:57,03:42,잠,잠,잠,,,,
13.06.2024,Thu,05:57,05:59,00:02,화장실,생활,화장실,,,,
13.06.2024,Thu,05:59,06:00,00:01,귀지 제거,,,,,,
13.06.2024,Thu,06:00,06:02,00:02,"수세미즙 먹기, 준비, 뒤처리 등",,,,,,
13.06.2024,Thu,06:02,06:05,00:03,"요구르트 준비, 먹기, 처리 등",,,,,,
13.06.2024,Thu,06:05,06:17,00:12,"식사 탐색, 준비, 식사, 뒤처리",생활,식사,,,,
13.06.2024,Thu,06:17,06:19,00:02,"샤워 준비, 실행, 뒤처리 등",생활,씻기,,,,
13.06.2024,Thu,06:19,06:37,00:18,화장실,생활,화장실,,,,
13.06.2024,Thu,06:37,07:02,00:25,"샤워 준비, 실행, 뒤처리 등",생활,씻기,,,,
13.06.2024,Thu,07:02,07:08,00:06,메이플 랜드 갤러리 서핑,,,,,,
13.06.2024,Thu,07:08,09:29,02:21,잠,잠,잠,,,,
13.06.2024,Thu,09:29,09:31,00:02,화장실,생활,화장실,,,,
13.06.2024,Thu,09:31,09:45,00:14,"과일 준비, 먹기, 뒤처리",식사,과일,,,,
13.06.2024,Thu,09:45,10:09,00:24,"이동 준비, 이동 등",생활,이동,,,,
13.06.2024,Thu,10:09,10:40,00:31,"전력전자공학 (영강) (이기복 교수님) 예습, 복습, 과제, 시험 공부 등",,,,,,
13.06.2024,Thu,10:40,10:42,00:02,"이동 준비, 이동 등",생활,이동,,,,
13.06.2024,Thu,10:42,11:01,00:19,"전력전자공학 (영강) (이기복 교수님) 예습, 복습, 과제, 시험 공부 등",,,,,,
13.06.2024,Thu,11:01,11:03,00:02,PSAT_입법 언어논리 공부,,,,,,
13.06.2024,Thu,11:03,11:08,00:05,"이동 준비, 이동 등",생활,이동,,,,
13.06.2024,Thu,11:08,11:14,00:06,유튜브 중년 게이머 김실장 시청,,,,,문기옥,
13.06.2024,Thu,11:14,11:35,00:21,"이동 준비, 이동 등",생활,이동,,,,
13.06.2024,Thu,11:35,11:36,00:01,화장실,생활,화장실,,,,
13.06.2024,Thu,11:36,11:43,00:07,"이동 준비, 이동 등",생활,이동,,,,
13.06.2024,Thu,11:43,11:55,00:12,"전력전자공학 (영강) (이기복 교수님) 예습, 복습, 과제, 시험 공부 등",,,,,,
13.06.2024,Thu,11:55,13:04,01:09,"전력전자공학 (영강) (이기복 교수님) 수강, 수험, 대기 등",,,,,,
13.06.2024,Thu,13:04,13:06,00:02,화장실,생활,화장실,,,,
13.06.2024,Thu,13:06,13:16,00:10,"이동 준비, 이동 등",생활,이동,,,,
Total,2,,,37:16,,,,,,,